0 3 3 1 0
0 3 3 2 0
0 1 1 3 3
0 2 4 3 33
0 5 5 3 130
0 2 3 4 0
0 2 3 5 0
0 2 3 6 0
0 1 1 7 4
0 2 4 7 34
0 5 5 7 131
0 1 1 8 4
0 2 4 8 34
0 5 5 8 131
0 1 3 9 0
0 1 2 9 34
0 1 2 9 49
0 2 2 9 90
0 1 3 10 0
0 1 2 10 34
0 1 2 10 49
0 2 2 10 90
0 1 1 11 6
0 2 4 11 36
0 5 5 11 133
0 1 2 12 1
0 1 2 12 32
0 1 2 12 47
0 2 2 12 88
0 1 2 13 0
0 1 2 13 31
0 1 2 13 46
0 2 2 13 87
0 1 1 14 8
0 2 4 14 38
0 5 5 14 135
0 2 24 15 3
0 1 2 15 30
0 1 2 15 45
0 2 2 15 86
0 1 1 16 9
0 2 4 16 39
0 2 10 17 0
0 2 4 17 40
0 2 24 18 1
0 1 2 18 28
0 1 2 18 43
0 2 2 18 84
0 2 24 19 1
0 1 2 19 28
0 1 2 19 43
0 2 2 19 84
0 2 24 20 1
0 1 2 20 28
0 1 2 20 43
0 2 2 20 84
0 2 10 21 1
0 2 4 21 41
0 2 24 22 0
0 1 2 22 27
0 1 2 22 42
0 2 2 22 83
0 1 24 23 0
0 1 2 23 26
0 1 2 23 41
0 2 2 23 82
0 1 24 24 0
0 3 2 24 24
0 2 10 25 3
0 2 4 25 43
0 2 10 26 4
0 2 4 26 44
0 2 10 27 5
0 2 4 27 45
0 1 2 28 24
0 1 2 28 39
0 2 2 28 80
0 2 10 29 6
0 2 4 29 46
0 1 2 30 22
0 1 2 30 37
0 2 2 30 78
0 1 2 31 22
0 1 2 31 37
0 2 2 31 78
0 1 2 32 21
0 1 2 32 36
0 2 2 32 77
0 2 10 33 9
0 2 4 33 49
0 1 2 34 20
0 1 2 34 35
0 2 2 34 76
0 1 2 35 20
0 1 2 35 35
0 2 2 35 76
0 2 10 36 10
0 2 4 36 50
0 2 10 37 11
0 2 4 37 51
0 2 10 38 11
0 2 4 38 51
0 1 2 39 16
0 1 2 39 31
0 2 2 39 72
0 1 2 40 15
0 1 2 40 30
0 2 2 40 71
0 1 2 41 14
0 1 2 41 29
0 2 2 41 70
0 2 10 42 17
0 2 4 42 57
0 1 2 43 12
0 1 2 43 27
0 2 2 43 68
0 1 2 44 11
0 1 2 44 26
0 2 2 44 67
0 1 2 45 11
0 1 2 45 26
0 2 2 45 67
0 1 2 46 10
0 1 2 46 25
0 2 2 46 66
0 1 2 47 10
0 1 2 47 25
0 2 2 47 66
0 2 10 48 20
0 2 4 48 60
0 1 2 49 9
0 1 2 49 24
0 2 2 49 65
0 1 2 50 8
0 1 2 50 23
0 2 2 50 64
0 2 39 51 22
0 2 4 51 62
0 2 10 52 23
0 2 4 52 63
0 1 2 53 6
0 1 2 53 21
0 2 2 53 62
0 1 2 54 6
0 1 2 54 21
0 2 2 54 62
0 1 4 55 0
0 2 10 55 23
0 2 4 55 63
0 1 2 56 5
0 1 2 56 20
0 2 2 56 61
0 1 4 57 1
0 2 10 57 24
0 2 4 57 64
0 1 2 58 0
0 2 10 58 25
0 2 4 58 65
0 1 2 59 0
0 2 10 59 25
0 2 4 59 65
0 1 2 60 0
0 2 10 60 25
0 2 4 60 65
0 1 2 61 3
0 1 2 61 18
0 2 2 61 59
0 1 2 62 1
0 2 10 62 26
0 2 4 62 66
0 1 2 63 1
0 2 10 63 26
0 2 4 63 66
0 1 2 64 2
0 2 10 64 27
0 2 4 64 67
0 1 2 65 1
0 1 2 65 16
0 2 2 65 57
0 1 2 66 1
0 1 2 66 16
0 2 2 66 57
0 1 2 67 3
0 2 10 67 28
0 2 4 67 68
0 1 2 68 4
0 2 10 68 29
0 2 4 68 69
0 1 2 69 5
0 2 10 69 30
0 2 4 69 70
0 1 2 70 5
0 2 10 70 30
0 2 4 70 70
0 1 2 71 14
0 2 2 71 55
0 1 2 72 14
0 2 2 72 55
0 1 2 73 6
0 2 10 73 31
0 2 4 73 71
0 1 2 74 13
0 2 2 74 54
0 1 2 75 13
0 2 2 75 54
0 2 2 76 6
0 2 1 76 53
0 2 3 77 1
0 2 4 77 74
0 2 3 78 1
0 2 4 78 74
0 1 2 79 11
0 2 2 79 52
0 1 2 80 11
0 2 2 80 52
0 2 3 81 2
0 2 4 81 75
0 2 3 82 2
0 2 5 82 75
0 3 5 82 95
0 2 3 83 2
0 2 4 83 75
0 2 3 84 2
0 2 4 84 75
0 1 2 85 9
0 2 2 85 50
0 1 2 86 9
0 2 2 86 50
0 2 3 87 4
0 2 4 87 77
0 2 3 88 4
0 2 4 88 77
0 3 5 89 0
0 3 5 90 0
0 1 2 91 6
0 2 2 91 47
0 1 2 92 6
0 2 2 92 47
0 1 2 93 5
0 2 2 93 46
0 1 2 94 4
0 2 2 94 45
0 3 5 95 0
0 1 2 96 2
0 2 2 96 43
0 1 2 97 2
0 2 2 97 43
0 1 2 98 2
0 2 2 98 43
0 5 5 99 3
0 5 5 100 3
0 5 5 101 4
0 5 5 102 4
0 1 2 103 0
0 2 2 103 41
0 5 5 104 5
0 1 4 105 1
0 2 2 105 40
0 5 5 106 5
0 5 5 107 6
0 5 5 108 6
0 5 5 109 6
0 5 5 110 7
0 5 5 111 7
0 5 5 112 9
0 5 9 113 8
0 1 3 114 1
0 2 2 114 36
0 5 5 115 10
0 1 3 116 0
0 2 2 116 35
0 1 3 117 0
0 2 2 117 35
0 1 1 118 6
0 2 2 118 34
0 5 5 119 12
0 5 5 120 12
0 5 5 121 12
0 5 5 122 13
0 1 1 123 3
0 2 2 123 31
0 3 4 123 134
0 3 3 124 0
0 5 5 124 15
0 5 5 125 5
0 1 1 126 1
0 2 2 126 29
0 3 4 126 132
0 3 3 127 1
0 5 5 127 16
0 3 3 128 2
0 5 5 128 17
0 3 3 129 3
0 5 5 129 18
0 1 1 130 2
0 2 2 130 25
0 3 4 130 128
0 3 3 131 5
0 5 5 131 20
0 1 1 132 1
0 2 2 132 24
0 3 4 132 127
0 3 3 133 6
0 5 5 133 21
0 3 3 134 8
0 5 5 134 23
0 3 3 135 8
0 5 5 135 23
0 3 3 136 8
0 5 5 136 23
0 3 3 137 9
0 5 5 137 24
0 3 3 138 5
0 5 5 138 20
0 3 3 139 9
0 5 5 139 24
0 2 2 140 21
0 3 4 140 124
0 2 2 141 20
0 3 4 141 122
0 3 3 142 11
0 5 5 142 26
0 3 3 143 11
0 5 5 143 26
0 3 3 144 12
0 5 5 144 27
0 3 3 145 12
0 5 5 145 27
0 2 2 146 18
0 3 4 146 121
0 3 3 147 14
0 5 5 147 29
0 3 3 148 15
0 5 5 148 30
0 3 3 149 15
0 5 5 149 30
0 2 2 150 15
0 3 4 150 118
0 2 2 151 15
0 3 4 151 118
0 3 3 152 16
0 5 5 152 31
0 3 3 153 16
0 5 5 153 31
0 2 2 154 13
0 3 4 154 116
0 2 2 155 11
0 3 4 155 114
0 2 2 156 10
0 3 4 156 113
0 2 2 157 10
0 3 4 157 113
0 2 2 158 9
0 3 4 158 112
0 1 3 159 1
0 3 3 159 21
0 5 5 159 36
0 2 2 160 8
0 3 4 160 111
0 2 2 161 7
0 3 4 161 110
0 2 2 162 7
0 3 4 162 110
0 2 2 163 6
0 3 4 163 109
0 2 2 164 6
0 3 4 164 109
0 1 3 165 4
0 3 3 165 24
0 5 5 165 39
0 1 3 166 4
0 3 3 166 24
0 5 5 166 39
0 2 2 167 5
0 3 4 167 108
0 2 2 168 4
0 3 4 168 107
0 1 3 169 6
0 3 3 169 26
0 5 5 169 41
0 1 3 170 8
0 3 3 170 28
0 5 5 170 43
0 2 2 171 1
0 3 4 171 104
0 2 2 172 1
0 3 4 172 104
0 1 3 173 11
0 3 3 173 31
0 5 5 173 46
0 1 3 174 12
0 3 3 174 32
0 5 5 174 47
0 1 3 175 12
0 3 3 175 32
0 5 5 175 47
0 2 3 176 5
0 2 5 176 16
0 3 4 176 99
0 2 3 177 4
0 2 5 177 15
0 3 4 177 98
0 3 1 177 134
0 1 3 178 15
0 3 3 178 35
0 5 5 178 50
0 1 3 179 15
0 3 3 179 35
0 5 5 179 50
0 1 3 180 15
0 3 3 180 35
0 5 5 180 50
0 2 3 181 2
0 2 5 181 13
0 3 4 181 96
0 3 1 181 132
0 2 3 182 2
0 2 5 182 13
0 3 4 182 96
0 3 1 182 132
0 2 3 183 0
0 2 5 183 11
0 3 4 183 94
0 3 1 183 130
0 2 5 184 11
0 3 4 184 94
0 3 1 184 130
0 2 5 185 11
0 3 4 185 94
0 3 1 185 130
0 1 2 186 3
0 1 3 186 18
0 3 3 186 38
0 5 5 186 53
0 1 2 187 4
0 1 3 187 19
0 3 3 187 39
0 5 5 187 54
0 1 2 188 4
0 1 3 188 19
0 3 3 188 39
0 5 5 188 54
0 2 5 189 9
0 3 4 189 92
0 3 1 189 128
0 1 2 190 5
0 1 3 190 20
0 3 3 190 40
0 5 5 190 55
0 1 2 191 5
0 1 3 191 20
0 3 3 191 40
0 5 5 191 55
0 1 2 192 5
0 1 3 192 20
0 3 3 192 40
0 5 5 192 55
0 1 2 193 5
0 1 3 193 20
0 3 3 193 40
0 5 5 193 55
0 2 5 194 7
0 3 4 194 90
0 3 1 194 126
0 1 2 195 8
0 1 3 195 23
0 3 3 195 43
0 5 5 195 58
0 2 5 196 5
0 3 4 196 88
0 3 1 196 124
0 2 5 197 4
0 3 4 197 87
0 3 1 197 123
0 1 2 198 10
0 1 3 198 25
0 3 3 198 45
0 5 5 198 60
0 2 5 199 3
0 3 4 199 86
0 3 1 199 122
0 1 2 200 11
0 1 3 200 26
0 3 3 200 46
0 5 5 200 61
0 2 5 201 2
0 3 4 201 85
0 3 1 201 121
0 1 2 202 12
0 1 3 202 27
0 3 3 202 47
0 5 5 202 62
0 1 2 203 12
0 1 3 203 27
0 3 3 203 47
0 5 5 203 62
0 2 5 204 1
0 3 4 204 84
0 3 1 204 120
0 2 5 205 0
0 3 4 205 83
0 3 1 205 119
0 1 6 206 0
0 1 2 206 13
0 1 3 206 28
0 3 3 206 48
0 5 5 206 63
0 1 1 207 4
0 2 1 207 24
0 3 4 207 81
0 3 1 207 117
0 1 1 208 4
0 2 1 208 24
0 3 4 208 81
0 3 1 208 117
0 1 6 209 1
0 1 2 209 14
0 1 3 209 29
0 3 3 209 49
0 5 5 209 64
0 1 1 210 3
0 2 1 210 23
0 3 4 210 80
0 3 1 210 116
0 1 1 211 1
0 2 1 211 21
0 3 4 211 78
0 3 1 211 114
0 1 4 212 0
0 1 2 212 17
0 1 3 212 32
0 3 3 212 52
0 5 5 212 67
0 2 4 213 1
0 3 3 213 56
0 5 5 213 71
0 2 4 214 0
0 3 3 214 55
0 5 5 214 70
0 2 4 215 0
0 3 3 215 55
0 5 5 215 70
0 2 4 216 1
0 3 3 216 56
0 5 5 216 71
0 2 1 217 0
0 3 3 217 55
0 5 5 217 70
0 2 1 218 19
0 3 4 218 76
0 3 1 218 112
0 2 1 219 19
0 3 4 219 76
0 3 1 219 112
0 2 1 220 18
0 3 4 220 75
0 3 1 220 111
0 2 4 221 3
0 3 3 221 58
0 5 5 221 73
0 2 4 222 5
0 3 3 222 60
0 5 5 222 75
0 2 4 223 6
0 3 3 223 61
0 5 5 223 76
0 2 1 224 12
0 3 4 224 69
0 3 1 224 105
0 2 1 225 12
0 3 4 225 69
0 3 1 225 105
0 2 1 226 11
0 3 4 226 68
0 3 1 226 104
0 2 1 227 10
0 3 4 227 67
0 3 1 227 103
0 2 1 228 10
0 3 4 228 67
0 3 1 228 103
0 2 1 229 10
0 3 4 229 67
0 3 1 229 103
0 2 4 230 11
0 3 3 230 66
0 5 5 230 81
0 1 1 231 0
0 2 4 231 12
0 3 3 231 67
0 5 5 231 82
0 2 1 232 7
0 3 4 232 64
0 3 1 232 100
0 1 1 233 1
0 2 4 233 13
0 3 3 233 68
0 5 5 233 83
0 1 1 234 1
0 2 4 234 13
0 3 3 234 68
0 5 5 234 83
0 1 1 235 2
0 2 4 235 14
0 3 3 235 69
0 5 5 235 84
0 2 1 236 4
0 3 4 236 61
0 3 1 236 97
0 2 1 237 4
0 3 4 237 61
0 3 1 237 97
0 1 1 238 3
0 2 4 238 15
0 3 3 238 70
0 5 5 238 85
0 1 1 239 5
0 2 4 239 17
0 3 3 239 72
0 5 5 239 87
0 2 1 240 2
0 3 4 240 59
0 3 1 240 95
0 2 4 241 11
0 3 3 241 66
0 5 5 241 81
0 1 3 242 0
0 2 4 242 18
0 3 3 242 73
0 5 5 242 88
0 2 1 243 1
0 3 4 243 58
0 3 1 243 94
0 2 28 244 9
0 2 3 244 38
0 3 4 244 55
0 3 1 244 91
0 2 28 245 7
0 2 3 245 36
0 3 4 245 53
0 3 1 245 89
0 2 28 246 7
0 2 3 246 36
0 3 4 246 53
0 3 1 246 89
0 2 9 247 3
0 2 4 247 24
0 3 3 247 79
0 5 5 247 94
0 2 9 248 4
0 2 4 248 25
0 3 3 248 80
0 5 5 248 95
0 2 28 249 4
0 2 3 249 33
0 3 4 249 50
0 3 1 249 86
0 2 9 250 6
0 2 4 250 27
0 3 3 250 82
0 5 5 250 97
0 2 28 251 2
0 2 3 251 31
0 3 4 251 48
0 3 1 251 84
0 2 9 252 7
0 2 4 252 28
0 3 3 252 83
0 5 5 252 98
0 1 2 253 3
0 3 4 253 46
0 3 1 253 82
0 2 9 254 10
0 2 4 254 31
0 3 3 254 86
0 5 5 254 101
0 1 2 255 2
0 2 3 255 27
0 3 4 255 44
0 3 1 255 80
0 2 9 256 11
0 2 4 256 32
0 3 3 256 87
0 5 5 256 102
0 1 2 257 1
0 2 3 257 26
0 3 4 257 43
0 3 1 257 79
0 1 2 258 1
0 2 3 258 26
0 3 4 258 43
0 3 1 258 79
0 2 9 259 12
0 2 4 259 33
0 3 3 259 88
0 5 5 259 103
0 2 5 260 0
0 1 1 260 14
0 3 2 260 32
0 2 9 261 13
0 2 4 261 34
0 3 3 261 89
0 5 5 261 104
0 2 9 262 13
0 2 4 262 34
0 3 3 262 89
0 5 5 262 104
0 1 10 263 1
0 2 3 263 24
0 3 4 263 41
0 3 1 263 77
0 2 3 264 23
0 3 4 264 40
0 3 1 264 76
0 2 3 265 23
0 3 4 265 40
0 3 1 265 76
0 2 3 266 23
0 3 4 266 40
0 3 1 266 76
0 2 3 267 23
0 3 4 267 40
0 3 1 267 76
0 2 3 268 22
0 3 4 268 39
0 3 1 268 75
0 2 3 269 21
0 3 4 269 38
0 3 1 269 74
0 2 9 270 18
0 2 4 270 39
0 3 3 270 94
0 5 5 270 109
0 2 9 271 18
0 2 4 271 39
0 3 3 271 94
0 5 5 271 109
0 2 9 272 6
0 2 4 272 27
0 3 3 272 82
0 2 3 273 20
0 3 4 273 37
0 3 1 273 73
0 2 3 274 20
0 3 4 274 37
0 3 1 274 73
0 2 9 275 19
0 2 4 275 40
0 3 3 275 95
0 5 5 275 110
0 2 3 276 19
0 3 4 276 36
0 3 1 276 72
0 2 3 277 19
0 3 4 277 36
0 3 1 277 72
0 2 3 278 18
0 3 4 278 35
0 3 1 278 71
0 2 3 279 18
0 3 4 279 35
0 3 1 279 71
0 2 9 280 21
0 2 4 280 42
0 3 3 280 97
0 5 5 280 112
0 2 3 281 17
0 3 4 281 34
0 3 1 281 70
0 1 2 282 0
0 2 9 282 21
0 2 4 282 42
0 3 3 282 97
0 5 5 282 112
0 1 2 283 0
0 2 9 283 21
0 2 7 283 42
0 3 3 283 97
0 5 5 283 112
0 2 3 284 16
0 3 4 284 33
0 3 1 284 69
0 2 3 285 14
0 3 4 285 31
0 3 1 285 67
0 2 3 286 14
0 3 4 286 31
0 3 1 286 67
0 2 3 287 14
0 3 4 287 31
0 3 1 287 67
0 2 3 288 14
0 3 4 288 31
0 3 1 288 67
0 2 3 289 14
0 3 4 289 31
0 3 1 289 67
0 2 3 290 13
0 3 4 290 30
0 3 1 290 66
0 2 3 291 13
0 3 4 291 30
0 3 1 291 66
0 1 2 292 4
0 2 9 292 25
0 2 4 292 46
0 3 3 292 101
0 5 5 292 116
0 1 7 293 1
0 2 9 293 27
0 2 4 293 48
0 3 3 293 103
0 5 5 293 118
0 2 9 294 12
0 2 4 294 33
0 2 2 294 79
0 5 5 294 103
0 1 7 295 1
0 2 9 295 27
0 2 4 295 48
0 3 3 295 103
0 5 5 295 118
0 1 7 296 1
0 2 9 296 27
0 2 4 296 48
0 3 3 296 103
0 5 5 296 118
0 2 3 297 10
0 3 4 297 27
0 3 1 297 63
0 2 3 298 8
0 3 4 298 25
0 3 1 298 61
0 1 7 299 4
0 2 9 299 30
0 2 4 299 51
0 3 3 299 106
0 5 5 299 121
0 1 7 300 5
0 2 9 300 31
0 2 4 300 52
0 3 3 300 107
0 5 5 300 122
0 1 7 301 5
0 2 9 301 31
0 2 4 301 52
0 3 3 301 107
0 5 5 301 122
0 1 7 302 5
0 2 9 302 31
0 2 4 302 52
0 3 3 302 107
0 5 5 302 122
0 1 7 303 4
0 2 9 303 30
0 2 4 303 51
0 3 3 303 106
0 5 5 303 121
0 2 3 304 6
0 3 4 304 23
0 3 1 304 59
0 1 7 305 6
0 2 9 305 32
0 2 4 305 53
0 3 3 305 108
0 5 5 305 123
0 1 7 306 6
0 2 9 306 32
0 2 4 306 53
0 3 3 306 108
0 5 5 306 123
0 2 3 307 5
0 3 4 307 22
0 3 1 307 58
0 2 3 308 3
0 3 4 308 20
0 3 1 308 56
0 2 3 309 2
0 3 4 309 19
0 3 1 309 55
0 2 3 310 1
0 3 4 310 18
0 3 1 310 54
0 3 3 310 134
0 2 3 311 1
0 3 4 311 18
0 3 1 311 54
0 3 3 311 134
0 2 3 312 1
0 3 4 312 18
0 3 1 312 54
0 3 3 312 134
0 1 3 313 0
0 3 4 313 16
0 3 1 313 52
0 3 3 313 132
0 1 2 314 4
0 2 9 314 39
0 2 4 314 60
0 3 3 314 115
0 5 5 314 130
0 1 2 315 4
0 2 9 315 39
0 2 7 315 60
0 3 3 315 115
0 5 5 315 130
0 1 2 316 0
0 2 9 316 40
0 2 4 316 61
0 3 3 316 116
0 5 5 316 131
0 1 2 317 0
0 2 9 317 40
0 2 4 317 61
0 3 3 317 116
0 5 5 317 131
0 3 4 318 14
0 3 1 318 50
0 3 3 318 130
0 3 4 319 13
0 3 1 319 49
0 3 3 319 129
0 3 4 320 13
0 3 1 320 49
0 3 3 320 129
0 3 2 321 1
0 3 3 321 121
0 3 4 322 12
0 3 1 322 48
0 3 3 322 128
0 3 2 323 2
0 3 3 323 122
0 3 2 324 3
0 3 3 324 123
0 3 2 325 3
0 3 3 325 123
0 3 4 326 10
0 3 1 326 46
0 3 3 326 126
0 3 2 327 4
0 3 3 327 124
0 3 4 328 8
0 3 1 328 44
0 3 3 328 124
0 3 2 329 6
0 3 3 329 126
0 3 2 330 6
0 3 3 330 126
0 3 4 331 7
0 3 1 331 43
0 3 3 331 123
0 3 4 332 5
0 3 1 332 41
0 3 3 332 121
0 3 4 333 5
0 3 1 333 41
0 3 3 333 121
0 3 2 334 9
0 3 3 334 129
0 3 4 335 5
0 3 1 335 41
0 3 3 335 121
0 3 2 336 10
0 3 3 336 130
0 3 4 337 3
0 3 1 337 39
0 3 3 337 119
0 3 4 338 1
0 3 1 338 37
0 3 3 338 117
0 3 4 339 1
0 3 1 339 37
0 3 3 339 117
0 2 4 340 0
0 3 1 340 35
0 3 3 340 115
0 1 1 341 2
0 3 2 341 14
0 3 3 341 134
0 1 1 342 2
0 3 2 342 14
0 3 3 342 134
0 1 2 343 2
0 3 1 343 34
0 3 3 343 114
0 1 2 344 2
0 3 1 344 34
0 3 3 344 114
0 1 1 345 3
0 3 2 345 15
0 3 3 345 135
0 1 1 346 3
0 3 2 346 15
0 3 3 346 135
0 1 2 347 1
0 3 1 347 33
0 3 3 347 113
0 1 1 348 5
0 1 4 348 17
0 2 9 348 59
0 2 4 348 80
0 1 3 349 1
0 1 4 349 16
0 3 1 349 30
0 3 3 349 110
0 1 3 350 0
0 3 2 350 18
0 1 4 351 15
0 3 1 351 29
0 3 3 351 109
0 1 2 352 0
0 3 2 352 20
0 1 2 353 0
0 3 2 353 20
0 1 2 354 1
0 3 2 354 21
0 1 4 355 13
0 3 1 355 27
0 3 3 355 107
0 1 4 356 13
0 3 1 356 27
0 3 3 356 107
0 1 4 357 12
0 3 1 357 26
0 3 3 357 106
0 1 4 358 11
0 3 1 358 25
0 3 3 358 105
0 1 2 359 5
0 3 2 359 25
0 1 4 360 9
0 3 1 360 23
0 3 3 360 103
0 1 4 361 9
0 3 1 361 23
0 3 3 361 103
0 1 2 362 6
0 3 2 362 26
0 1 4 363 8
0 3 1 363 22
0 3 3 363 102
0 1 4 364 6
0 3 1 364 20
0 3 3 364 100
0 1 4 365 6
0 3 1 365 20
0 3 3 365 100
0 1 4 366 6
0 3 1 366 20
0 3 3 366 100
0 1 4 367 6
0 3 1 367 20
0 3 3 367 100
0 1 2 368 9
0 3 2 368 29
0 1 4 369 5
0 3 1 369 19
0 3 3 369 99
0 1 4 370 5
0 3 1 370 19
0 3 3 370 99
0 1 4 371 5
0 3 1 371 19
0 3 3 371 99
0 1 4 372 5
0 3 1 372 19
0 3 3 372 99
0 1 4 373 5
0 3 1 373 19
0 3 3 373 99
0 1 2 374 10
0 3 2 374 30
0 1 4 375 4
0 3 1 375 18
0 3 3 375 98
0 1 4 376 4
0 3 1 376 18
0 3 3 376 98
0 1 4 377 4
0 3 1 377 18
0 3 3 377 98
0 1 2 378 11
0 3 2 378 31
0 1 4 379 2
0 3 1 379 16
0 3 3 379 96
0 1 2 380 13
0 3 2 380 33
0 1 4 381 0
0 3 1 381 14
0 3 3 381 94
0 1 4 382 0
0 3 1 382 14
0 3 3 382 94
0 1 4 383 0
0 3 1 383 14
0 3 3 383 94
0 1 4 384 0
0 3 1 384 14
0 3 3 384 94
0 1 4 385 0
0 3 1 385 14
0 3 3 385 94
0 1 2 386 17
0 3 2 386 37
0 1 2 387 18
0 3 2 387 38
0 1 2 388 18
0 3 2 388 38
0 1 3 389 0
0 3 1 389 10
0 3 3 389 90
0 1 3 390 0
0 3 1 390 10
0 3 3 390 90
0 1 3 391 0
0 3 1 391 10
0 3 3 391 90
0 1 3 392 0
0 3 1 392 10
0 3 3 392 90
0 1 3 393 0
0 3 1 393 10
0 3 3 393 90
0 1 2 394 19
0 3 2 394 39
0 1 2 395 19
0 3 2 395 39
0 3 1 396 9
0 3 3 396 89
0 3 1 397 9
0 3 3 397 89
0 3 1 398 9
0 3 3 398 89
0 3 1 399 7
0 3 3 399 87
0 1 2 400 2
0 1 2 400 24
0 3 2 400 44
0 1 2 401 2
0 1 2 401 24
0 3 2 401 44
0 1 2 402 4
0 1 2 402 26
0 3 2 402 46
0 3 1 403 2
0 3 3 403 82
0 3 1 404 1
0 3 3 404 81
0 1 2 405 7
0 1 2 405 29
0 3 2 405 49
0 1 2 406 7
0 1 2 406 29
0 3 2 406 49
0 2 12 407 18
0 2 2 407 31
0 2 1 407 78
0 2 1 408 0
0 3 9 408 12
0 3 1 408 37
0 3 3 408 77
0 1 1 409 0
0 3 9 409 11
0 3 1 409 36
0 3 3 409 76
0 1 1 410 0
0 3 9 410 11
0 3 1 410 36
0 3 3 410 76
0 1 2 411 10
0 1 2 411 32
0 3 2 411 52
0 3 9 412 10
0 3 1 412 35
0 3 3 412 75
0 1 2 413 11
0 1 2 413 33
0 3 2 413 53
0 3 9 414 9
0 3 1 414 34
0 3 3 414 74
0 1 2 415 0
0 1 2 415 34
0 3 2 415 54
0 2 2 416 0
0 3 2 416 56
0 2 2 417 0
0 3 2 417 56
0 3 9 418 7
0 3 1 418 32
0 3 3 418 72
0 2 2 419 2
0 3 2 419 58
0 2 2 420 2
0 3 2 420 58
0 3 9 421 5
0 3 1 421 30
0 3 3 421 70
0 3 9 422 5
0 3 1 422 30
0 3 3 422 70
0 2 2 423 4
0 3 2 423 60
0 2 2 424 5
0 3 2 424 61
0 2 9 425 0
0 3 1 425 24
0 3 3 425 64
0 2 2 426 9
0 3 2 426 65
0 2 2 427 9
0 3 2 427 65
0 1 6 428 3
0 3 1 428 23
0 3 3 428 63
0 2 2 429 11
0 3 2 429 67
0 2 2 430 11
0 3 2 430 67
0 1 6 431 1
0 3 1 431 21
0 3 3 431 61
0 1 6 432 0
0 3 1 432 20
0 3 3 432 60
0 2 2 433 14
0 3 2 433 70
0 2 2 434 14
0 3 2 434 70
0 2 2 435 14
0 3 2 435 70
0 2 2 436 15
0 3 2 436 71
0 2 2 437 16
0 3 2 437 72
0 3 1 438 17
0 3 3 438 57
0 3 1 439 17
0 3 3 439 57
0 2 2 440 17
0 3 2 440 73
0 2 2 441 18
0 3 2 441 74
0 2 2 442 18
0 3 2 442 74
0 3 1 443 15
0 3 3 443 55
0 2 2 444 19
0 3 2 444 75
0 3 1 445 14
0 3 3 445 54
0 3 1 446 11
0 3 3 446 51
0 2 2 447 0
0 2 2 447 22
0 3 2 447 78
0 3 1 448 10
0 3 3 448 50
0 3 1 449 10
0 3 3 449 50
0 2 2 450 1
0 2 2 450 23
0 3 2 450 79
0 3 1 451 8
0 3 3 451 48
0 3 1 452 8
0 3 3 452 48
0 3 1 453 7
0 3 3 453 47
0 2 2 454 5
0 2 2 454 27
0 3 2 454 83
0 2 2 455 5
0 2 2 455 27
0 3 2 455 83
0 2 2 456 5
0 2 2 456 27
0 3 2 456 83
0 2 8 457 0
0 2 2 457 28
0 3 2 457 84
0 2 6 458 1
0 2 2 458 28
0 3 2 458 84
0 2 8 459 0
0 2 2 459 28
0 3 2 459 84
0 2 8 460 1
0 2 2 460 29
0 3 2 460 85
0 2 8 461 1
0 2 2 461 29
0 3 2 461 85
0 2 8 462 2
0 2 2 462 30
0 3 2 462 86
0 2 8 463 3
0 2 2 463 31
0 3 2 463 87
0 2 1 464 0
0 3 3 464 39
0 2 1 465 0
0 3 3 465 39
0 2 8 466 6
0 2 2 466 34
0 3 2 466 90
0 1 1 467 0
0 1 2 467 11
0 1 2 467 26
0 3 3 467 36
0 2 8 468 7
0 2 2 468 35
0 3 2 468 91
0 2 8 469 7
0 2 2 469 35
0 3 2 469 91
0 1 2 470 10
0 1 2 470 25
0 3 3 470 35
0 2 8 471 10
0 2 2 471 38
0 3 2 471 94
0 1 2 472 8
0 1 2 472 23
0 3 3 472 33
0 1 2 473 8
0 1 2 473 23
0 3 3 473 33
0 2 3 474 0
0 2 2 474 39
0 3 2 474 95
0 1 2 475 7
0 1 2 475 22
0 3 3 475 32
0 3 3 476 0
0 3 2 476 97
0 3 3 477 0
0 3 2 477 97
0 1 2 478 6
0 1 2 478 21
0 3 3 478 31
0 1 2 479 6
0 1 2 479 21
0 3 3 479 31
0 1 2 480 5
0 1 2 480 20
0 3 3 480 30
0 1 2 481 3
0 1 2 481 18
0 3 3 481 28
0 1 2 482 3
0 1 2 482 18
0 3 3 482 28
0 3 3 483 4
0 3 2 483 101
0 1 2 484 2
0 1 2 484 17
0 3 3 484 27
0 1 2 485 1
0 1 2 485 16
0 3 3 485 26
0 1 2 486 0
0 1 2 486 15
0 3 3 486 25
0 1 2 487 14
0 3 3 487 24
0 3 3 488 9
0 3 2 488 106
0 3 3 489 11
0 3 2 489 108
0 3 3 490 11
0 3 2 490 108
0 3 3 491 11
0 3 2 491 108
0 3 3 492 0
0 3 2 492 97
0 1 2 493 11
0 3 3 493 21
0 1 2 494 10
0 3 3 494 20
0 1 3 495 1
0 3 3 495 14
0 3 2 495 111
0 1 3 496 1
0 3 3 496 14
0 3 2 496 111
0 1 2 497 0
0 3 3 497 15
0 3 2 497 112
0 1 2 498 1
0 3 3 498 16
0 3 2 498 113
0 1 2 499 5
0 3 3 499 15
0 1 2 500 2
0 3 3 500 17
0 3 2 500 114
0 1 2 501 2
0 3 3 501 12
0 1 2 502 4
0 3 3 502 19
0 3 2 502 116
0 1 2 503 0
0 3 3 503 10
0 1 2 504 7
0 3 3 504 22
0 3 2 504 119
0 2 2 505 0
0 3 3 505 23
0 3 2 505 120
0 3 3 506 9
0 2 2 507 1
0 3 3 507 24
0 3 2 507 121
0 3 3 508 7
0 2 2 509 3
0 3 3 509 26
0 3 2 509 123
0 2 2 510 4
0 3 3 510 27
0 3 2 510 124
0 3 3 511 5
0 3 3 512 5
0 2 2 513 5
0 3 3 513 28
0 3 2 513 125
0 2 2 514 5
0 3 3 514 28
0 3 2 514 125
0 3 3 515 4
0 3 3 516 4
0 2 2 517 8
0 3 3 517 31
0 3 2 517 128
0 2 2 518 8
0 3 3 518 31
0 3 2 518 128
0 3 3 519 1
0 2 2 520 9
0 3 3 520 32
0 3 2 520 129
0 2 2 521 11
0 3 3 521 34
0 3 2 521 131
0 1 1 522 0
0 2 2 522 11
0 3 3 522 34
0 3 2 522 131
0 1 2 523 2
0 3 1 523 20
0 1 2 524 2
0 3 1 524 20
0 1 2 525 1
0 3 1 525 19
0 3 1 526 0
0 3 1 527 0
0 1 2 528 0
0 3 1 528 18
0 3 1 529 18
0 2 1 530 0
0 3 3 530 36
0 5 8 530 133
0 3 1 531 3
0 3 1 532 15
0 3 1 533 5
0 3 1 534 14
0 3 1 535 5
0 3 1 536 13
0 3 1 537 11
0 3 1 538 11
0 3 1 539 9
0 3 1 540 10
0 3 1 541 9
0 3 1 542 11
0 3 1 543 11
0 3 1 544 11
0 3 1 545 8
0 3 1 546 8
0 3 1 547 12
0 3 1 548 7
0 3 1 549 13
0 3 1 550 14
0 3 1 551 14
0 3 1 552 16
0 3 1 553 16
0 3 1 554 16
0 3 1 555 17
0 2 1 556 0
0 3 1 556 18
0 2 1 557 0
0 3 1 557 18
0 2 1 558 1
0 3 1 558 19
0 2 1 559 1
0 3 1 559 19
0 2 1 560 1
0 3 1 560 19
0 2 1 561 0
0 2 2 561 135
0 2 5 562 17
0 2 2 562 132
0 2 5 563 17
0 2 2 563 132
0 2 1 564 5
0 3 1 564 23
0 2 1 565 5
0 3 1 565 23
0 2 1 566 7
0 3 1 566 25
0 2 5 567 14
0 2 2 567 129
0 2 1 568 8
0 3 1 568 26
0 2 1 569 9
0 3 1 569 27
0 2 5 570 11
0 2 2 570 126
0 2 1 571 11
0 3 1 571 29
0 2 1 572 11
0 3 1 572 29
0 2 5 573 10
0 2 2 573 125
0 2 5 574 10
0 2 2 574 125
0 2 1 575 13
0 3 1 575 31
0 2 1 576 13
0 3 1 576 31
0 2 5 577 7
0 2 2 577 122
0 2 5 578 7
0 2 2 578 122
0 2 1 579 15
0 3 1 579 33
0 2 5 580 6
0 2 2 580 121
0 2 5 581 6
0 2 2 581 121
0 2 1 582 16
0 3 1 582 34
0 2 5 583 5
0 2 2 583 120
0 2 5 584 2
0 2 2 584 117
0 2 5 585 2
0 2 5 585 117
0 2 1 586 20
0 3 1 586 38
0 2 5 587 0
0 2 2 587 115
0 4 3 587 135
0 1 3 588 1
0 2 1 588 22
0 3 1 588 40
0 1 3 589 1
0 2 1 589 22
0 3 1 589 40
0 2 2 590 15
0 2 2 590 112
0 4 3 590 132
0 2 2 591 15
0 2 2 591 112
0 4 3 591 132
0 2 2 592 15
0 2 2 592 112
0 4 3 592 132
0 1 2 593 1
0 2 1 593 24
0 3 1 593 42
0 2 2 594 14
0 2 2 594 111
0 4 3 594 131
0 2 2 595 13
0 2 2 595 110
0 4 3 595 130
0 2 2 596 13
0 2 2 596 110
0 4 3 596 130
0 2 2 597 13
0 2 2 597 110
0 4 3 597 130
0 1 4 598 1
0 2 1 598 26
0 3 1 598 44
0 1 4 599 5
0 2 1 599 30
0 3 1 599 48
0 1 4 600 5
0 2 1 600 30
0 3 1 600 48
0 1 4 601 6
0 2 1 601 31
0 3 1 601 49
0 1 4 602 6
0 2 1 602 31
0 3 1 602 49
0 2 2 603 7
0 2 2 603 104
0 4 3 603 124
0 2 2 604 7
0 2 2 604 104
0 4 3 604 124
0 2 2 605 7
0 2 2 605 104
0 4 3 605 124
0 1 4 606 7
0 2 1 606 32
0 3 1 606 50
0 1 4 607 8
0 2 1 607 33
0 3 1 607 51
0 1 4 608 8
0 2 1 608 33
0 3 1 608 51
0 2 2 609 5
0 2 2 609 102
0 4 3 609 122
0 2 2 610 5
0 2 2 610 102
0 4 3 610 122
0 1 4 611 9
0 2 1 611 34
0 3 1 611 52
0 2 2 612 4
0 2 2 612 101
0 4 3 612 121
0 1 4 613 10
0 2 1 613 35
0 3 1 613 53
0 1 4 614 10
0 1 1 614 36
0 3 1 614 53
0 2 2 615 3
0 2 2 615 100
0 4 3 615 120
0 2 2 616 0
0 2 2 616 97
0 4 3 616 117
0 1 2 617 0
0 1 2 617 56
0 2 1 617 76
0 2 2 617 94
0 4 3 617 114
0 1 3 618 11
0 1 2 618 25
0 1 2 618 54
0 2 1 618 74
0 2 2 618 92
0 4 3 618 112
0 1 3 619 11
0 1 2 619 25
0 1 2 619 54
0 2 1 619 74
0 2 2 619 92
0 4 3 619 112
0 1 3 620 11
0 1 2 620 25
0 1 2 620 54
0 2 1 620 74
0 2 2 620 92
0 4 3 620 112
0 1 4 621 16
0 2 1 621 41
0 3 1 621 59
0 1 4 622 16
0 2 1 622 41
0 3 1 622 59
0 1 4 623 16
0 2 1 623 41
0 3 1 623 59
0 1 3 624 9
0 1 2 624 23
0 1 2 624 52
0 2 1 624 72
0 2 2 624 90
0 4 3 624 110
0 1 3 625 9
0 1 2 625 23
0 1 2 625 52
0 2 1 625 72
0 2 2 625 90
0 4 3 625 110
0 1 3 626 8
0 1 2 626 22
0 1 2 626 51
0 2 1 626 71
0 2 2 626 89
0 4 3 626 109
0 1 3 627 8
0 1 2 627 22
0 1 2 627 51
0 2 1 627 71
0 2 2 627 89
0 4 3 627 109
0 1 4 628 19
0 2 1 628 44
0 3 1 628 62
0 1 3 629 7
0 1 2 629 21
0 1 2 629 50
0 2 1 629 70
0 2 2 629 88
0 4 3 629 108
0 1 3 630 7
0 1 2 630 21
0 1 2 630 50
0 2 1 630 70
0 2 2 630 88
0 4 3 630 108
0 1 3 631 7
0 1 2 631 21
0 1 2 631 50
0 2 1 631 70
0 2 2 631 88
0 4 3 631 108
0 1 3 632 5
0 1 2 632 19
0 1 2 632 48
0 2 1 632 68
0 2 2 632 86
0 4 3 632 106
0 1 3 633 2
0 1 2 633 16
0 1 2 633 45
0 2 1 633 65
0 2 2 633 83
0 4 3 633 103
0 1 3 634 2
0 1 2 634 16
0 1 2 634 45
0 2 1 634 65
0 2 2 634 83
0 4 3 634 103
0 1 2 635 1
0 2 1 635 50
0 3 1 635 68
0 1 3 636 1
0 1 2 636 15
0 1 2 636 44
0 2 1 636 64
0 2 2 636 82
0 4 3 636 102
0 1 2 637 2
0 2 1 637 51
0 3 1 637 69
0 3 1 638 3
0 3 4 638 102
0 1 2 639 3
0 2 1 639 52
0 3 1 639 70
0 1 2 640 13
0 1 2 640 42
0 2 1 640 62
0 4 3 640 101
0 1 2 641 13
0 1 2 641 42
0 2 1 641 62
0 2 2 641 80
0 4 3 641 100
0 1 2 642 12
0 1 2 642 41
0 2 1 642 61
0 2 2 642 79
0 4 3 642 99
0 1 2 643 11
0 1 2 643 40
0 2 1 643 60
0 2 2 643 78
0 4 3 643 98
0 1 2 644 10
0 1 2 644 39
0 2 1 644 59
0 2 2 644 77
0 4 3 644 97
0 1 2 645 10
0 1 2 645 39
0 2 1 645 59
0 2 2 645 77
0 4 3 645 97
0 1 2 646 8
0 2 1 646 57
0 3 1 646 75
0 1 2 647 8
0 2 1 647 57
0 3 1 647 75
0 1 2 648 9
0 1 2 648 38
0 2 1 648 58
0 2 2 648 76
0 4 3 648 96
0 1 2 649 9
0 2 1 649 58
0 3 1 649 76
0 1 2 650 8
0 1 2 650 37
0 2 1 650 57
0 2 2 650 75
0 4 3 650 95
0 1 2 651 7
0 1 2 651 36
0 2 1 651 56
0 2 2 651 74
0 4 3 651 94
0 1 2 652 6
0 1 2 652 35
0 2 1 652 55
0 2 2 652 73
0 4 3 652 93
0 1 2 653 13
0 2 1 653 62
0 3 1 653 80
0 1 2 654 13
0 2 1 654 62
0 3 1 654 80
0 1 2 655 14
0 2 1 655 63
0 3 1 655 81
0 1 2 656 15
0 2 1 656 64
0 3 1 656 82
0 1 2 657 15
0 2 13 657 64
0 3 1 657 82
0 1 2 658 17
0 2 1 658 66
0 3 1 658 84
0 1 2 659 0
0 1 2 659 29
0 2 1 659 49
0 2 2 659 67
0 4 3 659 87
0 1 3 660 12
0 1 2 660 28
0 2 1 660 48
0 2 2 660 66
0 4 3 660 86
0 1 1 661 0
0 1 2 661 18
0 2 1 661 67
0 3 1 661 85
0 1 1 662 1
0 1 2 662 19
0 2 1 662 68
0 3 1 662 86
0 1 1 663 1
0 1 2 663 19
0 2 1 663 68
0 3 1 663 86
0 1 1 664 1
0 1 2 664 19
0 2 1 664 68
0 3 1 664 86
0 1 3 665 10
0 1 2 665 26
0 2 1 665 46
0 2 2 665 64
0 4 3 665 84
0 1 1 666 2
0 1 2 666 20
0 2 1 666 69
0 3 1 666 87
0 1 1 667 1
0 1 2 667 19
0 2 1 667 68
0 3 1 667 86
0 1 6 668 0
0 1 2 668 17
0 2 1 668 66
0 3 1 668 84
0 1 3 669 9
0 1 2 669 25
0 2 1 669 45
0 2 2 669 63
0 4 3 669 83
0 1 3 670 9
0 1 2 670 25
0 2 1 670 45
0 2 2 670 63
0 4 3 670 83
0 1 3 671 8
0 1 2 671 24
0 2 1 671 44
0 2 2 671 62
0 4 3 671 82
0 1 1 672 4
0 1 2 672 22
0 2 1 672 71
0 3 1 672 89
0 1 1 673 4
0 1 2 673 22
0 2 1 673 71
0 3 1 673 89
0 1 1 674 5
0 1 2 674 23
0 2 1 674 72
0 3 1 674 90
0 1 3 675 6
0 1 2 675 22
0 2 1 675 42
0 2 2 675 60
0 4 3 675 80
0 1 3 676 6
0 1 2 676 22
0 2 1 676 42
0 2 2 676 60
0 4 3 676 80
0 1 1 677 6
0 1 2 677 24
0 2 1 677 73
0 3 1 677 91
0 1 1 678 7
0 1 2 678 25
0 2 1 678 74
0 3 1 678 92
0 1 1 679 7
0 1 2 679 25
0 2 1 679 74
0 3 1 679 92
0 1 1 680 7
0 1 2 680 25
0 2 1 680 74
0 3 1 680 92
0 1 1 681 7
0 1 2 681 25
0 2 1 681 74
0 3 1 681 92
0 1 1 682 8
0 1 2 682 26
0 2 1 682 75
0 3 1 682 93
0 1 3 683 2
0 1 2 683 18
0 2 1 683 38
0 2 2 683 56
0 4 3 683 76
0 1 1 684 10
0 1 2 684 28
0 2 1 684 77
0 3 1 684 95
0 1 1 685 10
0 1 2 685 28
0 2 1 685 77
0 3 1 685 95
0 1 3 686 1
0 1 2 686 17
0 2 1 686 37
0 2 2 686 55
0 4 3 686 75
0 1 10 687 0
0 1 1 687 10
0 1 2 687 28
0 2 1 687 77
0 3 1 687 95
0 1 10 688 0
0 1 1 688 10
0 1 2 688 28
0 3 1 688 96
0 1 3 689 0
0 1 2 689 16
0 2 1 689 36
0 2 2 689 54
0 4 3 689 74
0 1 3 690 0
0 1 2 690 16
0 2 1 690 36
0 2 2 690 54
0 4 3 690 74
0 1 3 691 0
0 1 2 691 16
0 2 1 691 36
0 2 2 691 54
0 4 3 691 74
0 1 3 692 0
0 1 2 692 16
0 2 1 692 36
0 2 2 692 54
0 4 3 692 74
0 2 3 693 1
0 1 2 693 15
0 2 1 693 35
0 2 2 693 53
0 4 3 693 73
0 2 3 694 0
0 1 2 694 14
0 2 1 694 34
0 2 2 694 52
0 4 3 694 72
0 2 3 695 0
0 1 2 695 14
0 2 1 695 34
0 2 2 695 52
0 4 3 695 72
0 1 2 696 14
0 2 1 696 34
0 2 2 696 52
0 4 3 696 72
0 1 10 697 4
0 1 1 697 14
0 1 2 697 32
0 2 1 697 81
0 3 1 697 99
0 1 10 698 4
0 1 1 698 14
0 1 2 698 32
0 2 1 698 81
0 3 1 698 99
0 1 10 699 4
0 1 1 699 14
0 1 2 699 32
0 2 1 699 81
0 3 1 699 99
0 1 10 700 4
0 1 1 700 14
0 1 2 700 32
0 2 1 700 81
0 3 1 700 99
0 1 10 701 5
0 1 1 701 15
0 1 2 701 33
0 2 1 701 82
0 3 1 701 100
0 1 2 702 12
0 2 1 702 32
0 2 2 702 50
0 4 3 702 70
0 1 2 703 12
0 2 1 703 32
0 2 2 703 50
0 4 3 703 70
0 1 2 704 12
0 2 1 704 32
0 2 2 704 50
0 4 3 704 70
0 1 6 705 0
0 1 1 705 16
0 1 2 705 34
0 2 1 705 83
0 3 1 705 101
0 1 6 706 0
0 1 1 706 16
0 1 2 706 34
0 2 1 706 83
0 3 1 706 101
0 1 2 707 11
0 2 1 707 31
0 2 2 707 49
0 4 3 707 69
0 1 6 708 1
0 1 1 708 17
0 1 2 708 35
0 2 1 708 84
0 3 1 708 102
0 1 6 709 2
0 1 1 709 18
0 1 2 709 36
0 2 1 709 85
0 3 1 709 103
0 1 2 710 9
0 2 1 710 29
0 2 2 710 47
0 4 3 710 67
0 1 3 711 0
0 1 1 711 19
0 1 2 711 37
0 2 1 711 86
0 3 1 711 104
0 1 2 712 8
0 2 1 712 28
0 2 2 712 46
0 4 3 712 66
0 2 3 713 0
0 2 1 713 89
0 3 1 713 107
0 1 2 714 7
0 2 1 714 27
0 2 2 714 45
0 4 3 714 65
0 2 3 715 1
0 2 1 715 90
0 3 1 715 108
0 2 3 716 1
0 2 1 716 90
0 3 1 716 108
0 1 2 717 6
0 2 1 717 26
0 2 2 717 44
0 4 3 717 64
0 2 3 718 2
0 2 1 718 91
0 3 1 718 109
0 2 3 719 2
0 2 1 719 91
0 3 1 719 109
0 2 3 720 2
0 2 1 720 91
0 3 1 720 109
0 2 3 721 3
0 2 1 721 92
0 3 1 721 110
0 2 3 722 3
0 2 1 722 92
0 3 1 722 110
0 1 2 723 4
0 2 1 723 24
0 2 2 723 42
0 4 3 723 62
0 1 2 724 3
0 2 1 724 23
0 2 2 724 41
0 4 3 724 61
0 2 3 725 4
0 2 1 725 93
0 3 1 725 111
0 2 3 726 5
0 2 1 726 94
0 3 1 726 112
0 1 2 727 2
0 2 1 727 22
0 2 2 727 40
0 4 3 727 60
0 2 3 728 6
0 2 1 728 95
0 3 1 728 113
0 2 1 729 0
0 2 1 729 96
0 3 1 729 114
0 2 1 730 0
0 2 1 730 96
0 3 1 730 114
0 1 2 731 0
0 2 1 731 20
0 2 2 731 38
0 4 3 731 58
0 2 1 732 1
0 2 1 732 97
0 3 1 732 115
0 2 1 733 1
0 2 1 733 97
0 3 1 733 115
0 2 1 734 2
0 2 1 734 98
0 3 1 734 116
0 2 1 735 2
0 2 1 735 98
0 3 1 735 116
0 2 1 736 2
0 2 1 736 98
0 3 1 736 116
0 2 1 737 2
0 2 1 737 98
0 3 1 737 116
0 2 1 738 19
0 2 2 738 37
0 4 3 738 57
0 2 1 739 19
0 2 2 739 37
0 4 3 739 57
0 2 1 740 19
0 2 2 740 37
0 4 3 740 57
0 2 1 741 3
0 2 1 741 99
0 3 1 741 117
0 2 1 742 3
0 2 1 742 99
0 3 1 742 117
0 2 1 743 5
0 2 1 743 101
0 3 1 743 119
0 2 3 744 5
0 2 1 744 94
0 3 1 744 112
0 2 1 745 5
0 2 1 745 101
0 3 1 745 119
0 2 1 746 6
0 2 1 746 102
0 3 1 746 120
0 2 1 747 6
0 2 1 747 102
0 3 1 747 120
0 2 1 748 6
0 2 1 748 102
0 3 1 748 120
0 2 1 749 15
0 2 2 749 33
0 4 3 749 53
0 2 1 750 15
0 2 2 750 33
0 4 3 750 53
0 2 1 751 13
0 2 2 751 31
0 4 3 751 51
0 2 5 752 12
0 2 2 752 30
0 4 3 752 50
0 2 1 753 11
0 2 1 753 107
0 3 1 753 125
0 2 1 754 10
0 2 2 754 28
0 4 3 754 48
0 2 1 755 10
0 2 2 755 28
0 4 3 755 48
0 1 11 756 0
0 2 1 756 11
0 2 1 756 107
0 3 1 756 125
0 1 11 757 0
0 2 1 757 11
0 2 1 757 107
0 3 1 757 125
0 2 11 758 0
0 2 1 758 12
0 2 1 758 108
0 3 1 758 126
0 2 11 759 0
0 2 1 759 12
0 2 1 759 108
0 3 1 759 126
0 2 11 760 1
0 2 1 760 13
0 2 1 760 109
0 3 1 760 127
0 2 11 761 2
0 2 1 761 14
0 3 5 761 110
0 3 1 761 128
0 2 11 762 3
0 2 1 762 15
0 2 1 762 111
0 3 1 762 129
0 2 11 763 4
0 2 1 763 16
0 2 1 763 112
0 3 1 763 130
0 2 11 764 4
0 2 1 764 16
0 2 1 764 112
0 3 1 764 130
0 2 11 765 4
0 2 1 765 16
0 2 1 765 112
0 3 1 765 130
0 2 11 766 4
0 2 1 766 16
0 2 1 766 112
0 3 1 766 130
0 2 1 767 4
0 2 2 767 22
0 4 3 767 42
0 2 1 768 2
0 2 2 768 20
0 4 3 768 40
0 2 11 769 7
0 2 1 769 19
0 2 1 769 115
0 3 1 769 133
0 2 1 770 1
0 2 2 770 19
0 4 3 770 39
0 2 11 771 8
0 2 1 771 20
0 2 1 771 116
0 3 1 771 134
0 2 11 772 8
0 2 1 772 20
0 2 1 772 116
0 3 1 772 134
0 2 11 773 9
0 2 1 773 21
0 2 1 773 117
0 2 11 774 9
0 2 1 774 21
0 2 1 774 117
0 2 11 775 10
0 2 1 775 22
0 2 1 775 118
0 2 11 776 10
0 2 1 776 22
0 2 1 776 118
0 2 11 777 11
0 2 1 777 23
0 2 1 777 119
0 2 11 778 11
0 2 1 778 23
0 2 1 778 119
0 2 11 779 11
0 2 1 779 23
0 2 1 779 119
0 2 11 780 11
0 2 1 780 23
0 2 1 780 119
0 1 4 781 1
0 2 11 781 12
0 2 1 781 24
0 2 1 781 120
0 1 4 782 2
0 2 11 782 13
0 2 1 782 25
0 2 1 782 121
0 2 2 783 13
0 4 3 783 33
0 1 4 784 3
0 2 11 784 14
0 2 1 784 26
0 2 1 784 122
0 2 7 785 0
0 2 1 785 125
0 2 7 786 0
0 2 1 786 125
0 2 2 787 11
0 4 3 787 31
0 2 2 788 11
0 4 3 788 31
0 2 7 789 1
0 2 1 789 126
0 2 2 790 10
0 4 3 790 30
0 2 7 791 2
0 2 3 791 30
0 2 1 791 126
0 4 15 792 7
0 2 7 793 2
0 2 1 793 127
0 2 2 794 9
0 4 3 794 29
0 2 2 795 5
0 4 3 795 25
0 2 7 796 7
0 2 1 796 132
0 2 2 797 4
0 4 3 797 24
0 2 2 798 4
0 4 3 798 24
0 2 7 799 8
0 2 1 799 133
0 2 7 800 8
0 2 1 800 133
0 2 7 801 9
0 2 1 801 134
0 2 7 802 9
0 2 1 802 134
0 2 1 803 5
0 2 1 803 130
0 2 7 804 9
0 2 1 804 134
0 2 2 805 2
0 4 3 805 22
0 2 2 806 1
0 4 3 806 21
0 2 7 807 11
0 2 1 807 136
0 1 2 808 0
0 2 7 808 11
0 1 2 809 0
0 2 7 809 11
0 1 2 810 0
0 2 7 810 11
0 1 2 811 0
0 4 3 811 19
0 1 2 812 0
0 4 3 812 19
0 2 7 813 10
0 2 1 813 135
0 1 1 814 3
0 4 3 814 17
0 2 2 815 3
0 2 2 816 3
0 2 6 817 5
0 4 3 818 13
0 4 3 819 13
0 2 6 820 7
0 2 2 821 7
0 2 6 822 7
0 4 3 823 11
0 2 6 824 9
0 4 3 825 10
0 4 3 826 10
0 4 3 827 7
0 4 3 828 7
0 2 2 829 1
0 2 6 829 12
0 2 2 830 2
0 2 6 830 13
0 1 3 831 2
0 2 2 831 13
0 1 6 832 0
0 2 2 832 14
0 2 2 833 3
0 2 6 833 14
0 4 3 834 4
0 2 2 835 4
0 2 6 835 15
0 4 3 836 3
0 4 3 837 3
0 4 3 838 2
0 4 3 839 2
0 4 3 840 2
0 2 6 841 2
0 2 2 841 17
0 4 3 842 0
0 4 3 843 0
0 2 2 844 8
0 2 6 844 19
0 2 2 845 8
0 2 6 845 19
0 2 2 846 9
0 2 6 846 20
0 2 3 847 0
0 3 7 847 44
0 2 3 848 0
0 3 7 848 44
0 2 3 849 0
0 3 7 849 44
0 2 2 850 10
0 2 6 850 21
0 2 3 851 2
0 3 7 851 43
0 2 3 852 0
0 3 7 852 41
0 2 6 853 11
0 2 2 853 26
0 2 6 854 12
0 2 2 854 27
0 1 16 855 0
0 2 5 855 19
0 3 7 855 36
0 2 6 856 13
0 2 2 856 28
0 2 5 857 19
0 3 7 857 36
0 1 1 858 0
0 2 2 858 17
0 2 6 858 28
0 2 5 859 18
0 3 7 859 35
0 2 5 860 18
0 3 7 860 35
0 2 5 861 18
0 3 7 861 35
0 2 1 862 0
0 2 2 862 18
0 2 6 862 29
0 2 5 863 17
0 3 7 863 34
0 2 1 864 2
0 2 2 864 20
0 2 6 864 31
0 2 5 865 15
0 3 7 865 32
0 2 5 866 14
0 3 7 866 31
0 2 5 867 14
0 3 7 867 31
0 2 5 868 14
0 3 7 868 31
0 2 1 869 4
0 2 6 869 18
0 2 2 869 33
0 2 1 870 4
0 2 6 870 18
0 2 2 870 33
0 2 5 871 13
0 3 7 871 30
0 2 1 872 6
0 2 6 872 20
0 2 2 872 35
0 2 1 873 6
0 2 6 873 20
0 2 2 873 35
0 2 5 874 11
0 3 7 874 28
0 2 3 875 9
0 2 2 875 27
0 2 6 875 38
0 2 5 876 8
0 3 7 876 25
0 2 5 877 7
0 3 7 877 24
0 2 1 878 12
0 2 6 878 26
0 2 2 878 41
0 2 5 879 5
0 3 7 879 22
0 2 1 880 13
0 2 6 880 27
0 2 2 880 42
0 2 5 881 4
0 3 7 881 21
0 2 5 882 4
0 3 7 882 21
0 2 5 883 3
0 3 7 883 20
0 4 2 883 135
0 1 4 884 0
0 2 1 884 14
0 2 2 884 32
0 2 6 884 43
0 2 4 885 1
0 2 4 886 2
0 1 1 887 4
0 3 7 887 16
0 4 2 887 131
0 1 1 888 4
0 3 7 888 16
0 4 2 888 131
0 1 1 889 4
0 3 7 889 16
0 4 2 889 131
0 1 1 890 3
0 3 7 890 15
0 4 2 890 130
0 2 4 891 5
0 2 4 892 5
0 1 1 893 1
0 3 7 893 13
0 4 2 893 128
0 1 1 894 1
0 3 7 894 13
0 4 2 894 128
0 1 1 895 1
0 3 7 895 13
0 4 2 895 128
0 2 4 896 6
0 3 16 896 80
0 3 7 897 12
0 4 2 897 127
0 3 7 898 12
0 4 2 898 127
0 3 7 899 12
0 4 2 899 127
0 2 4 900 8
0 3 7 901 11
0 4 2 901 126
0 2 4 902 9
0 2 2 903 10
0 2 4 903 52
0 3 7 904 10
0 4 2 904 125
0 2 4 905 10
0 3 7 906 9
0 4 2 906 124
0 2 4 907 11
0 2 4 908 12
0 2 4 909 12
0 2 4 910 13
0 2 4 911 13
0 2 4 912 14
0 3 7 913 5
0 4 2 913 120
0 2 4 914 15
0 1 5 915 0
0 2 4 915 17
0 3 7 916 1
0 4 2 916 116
0 2 5 917 0
0 2 4 917 18
0 3 7 918 0
0 4 2 918 115
0 3 7 919 0
0 4 2 919 115
0 3 7 920 0
0 4 2 920 115
0 3 7 921 0
0 4 2 921 115
0 3 5 922 0
0 3 5 923 0
0 3 5 924 0
0 3 5 925 2
0 3 5 926 2
0 3 5 927 2
0 1 4 928 1
0 3 9 928 14
0 4 2 928 111
0 3 5 929 3
0 3 4 930 0
0 3 9 931 13
0 4 2 931 110
0 3 4 932 1
0 3 9 933 11
0 4 2 933 108
0 3 9 934 11
0 4 2 934 108
0 3 5 935 7
0 3 4 936 3
0 3 4 937 4
0 3 4 938 5
0 3 4 939 5
0 3 4 940 5
0 3 9 941 8
0 4 2 941 105
0 6 14 942 0
0 6 14 943 0
0 6 14 944 0
0 3 9 945 5
0 4 2 945 102
0 6 14 946 1
0 6 14 947 1
0 6 14 948 2
0 6 14 949 2
0 6 14 950 2
0 6 14 951 3
0 3 9 952 1
0 4 2 952 98
0 6 14 953 6
0 6 14 954 6
0 2 9 955 0
0 2 3 955 12
0 4 2 955 95
0 6 14 956 7
0 2 3 957 12
0 4 2 957 95
0 2 3 958 12
0 4 2 958 95
0 6 14 959 8
0 6 14 960 8
0 6 14 961 8
0 6 14 962 9
0 2 3 963 10
0 4 2 963 93
0 6 14 964 10
0 6 14 965 10
0 2 3 966 9
0 4 2 966 92
0 6 14 967 12
0 6 14 968 14
0 6 14 969 14
0 3 3 970 5
0 5 14 970 15
0 2 3 971 4
0 4 2 971 87
0 2 3 972 4
0 4 2 972 87
0 6 14 973 16
0 2 3 974 3
0 4 2 974 86
0 2 3 975 2
0 4 2 975 85
0 2 3 976 1
0 4 2 976 84
0 2 3 977 1
0 4 2 977 84
0 6 14 978 19
0 6 14 979 19
0 2 3 980 0
0 4 2 980 83
0 2 3 981 0
0 4 2 981 83
0 6 14 982 20
0 6 14 983 21
0 6 14 984 21
0 6 14 985 22
0 6 14 986 22
0 1 4 987 10
0 2 6 987 51
0 4 2 987 79
0 1 4 988 9
0 2 2 988 50
0 4 2 988 78
0 1 4 989 9
0 2 2 989 50
0 4 2 989 78
0 1 4 990 7
0 2 2 990 48
0 4 2 990 76
0 1 4 991 6
0 2 6 991 47
0 4 2 991 75
0 1 4 992 6
0 2 2 992 47
0 4 2 992 75
0 1 2 993 1
0 6 14 993 27
0 1 4 994 4
0 2 2 994 45
0 4 2 994 73
0 1 4 995 4
0 2 6 995 45
0 4 2 995 73
0 1 4 996 4
0 2 2 996 45
0 2 4 996 73
0 3 5 996 93
0 1 2 997 2
0 6 14 997 28
0 1 4 998 3
0 2 6 998 44
0 4 2 998 72
0 1 4 999 2
0 2 6 999 43
0 4 2 999 71
0 1 2 1000 4
0 6 14 1000 30
0 1 4 1001 1
0 2 2 1001 42
0 4 2 1001 70
0 1 4 1002 1
0 2 2 1002 42
0 4 2 1002 70
0 1 4 1003 1
0 2 6 1003 42
0 4 2 1003 70
0 1 4 1004 1
0 2 2 1004 42
0 4 2 1004 70
0 1 2 1005 5
0 6 14 1005 31
0 1 2 1006 5
0 6 14 1006 31
0 1 2 1007 7
0 6 14 1007 33
0 1 3 1008 8
0 1 1 1008 24
0 2 6 1008 38
0 4 2 1008 66
0 1 3 1009 8
0 1 1 1009 24
0 2 6 1009 38
0 4 2 1009 66
0 1 3 1010 8
0 1 1 1010 24
0 2 2 1010 38
0 4 2 1010 66
0 1 2 1011 0
0 6 14 1011 35
0 1 3 1012 6
0 1 1 1012 22
0 2 2 1012 36
0 4 2 1012 64
0 2 2 1013 0
0 6 14 1013 36
0 2 2 1014 1
0 6 14 1014 37
0 2 2 1015 1
0 6 14 1015 37
0 1 3 1016 4
0 1 1 1016 20
0 2 6 1016 34
0 4 2 1016 62
0 1 3 1017 4
0 1 1 1017 20
0 2 2 1017 34
0 4 2 1017 62
0 1 3 1018 3
0 1 1 1018 19
0 2 6 1018 33
0 4 2 1018 61
0 2 2 1019 3
0 6 14 1019 39
0 1 3 1020 2
0 1 1 1020 18
0 2 6 1020 32
0 4 2 1020 60
0 1 3 1021 2
0 1 1 1021 18
0 2 2 1021 32
0 4 2 1021 60
0 2 2 1022 4
0 6 14 1022 40
0 1 3 1023 0
0 1 1 1023 16
0 2 2 1023 30
0 4 2 1023 58
0 2 2 1024 7
0 6 14 1024 43
0 2 7 1025 0
0 1 1 1025 14
0 2 6 1025 28
0 4 2 1025 56
0 2 2 1026 8
0 6 14 1026 44
0 2 2 1027 8
0 6 14 1027 44
0 2 2 1028 8
0 6 14 1028 44
0 2 2 1029 9
0 6 14 1029 45
0 1 1 1030 13
0 2 6 1030 27
0 4 2 1030 55
0 1 1 1031 12
0 2 2 1031 26
0 4 2 1031 54
0 1 1 1032 12
0 2 3 1032 26
0 4 2 1032 54
0 2 2 1033 12
0 6 14 1033 48
0 2 2 1034 12
0 6 14 1034 48
0 2 2 1035 13
0 6 14 1035 49
0 2 2 1036 14
0 6 14 1036 50
0 1 1 1037 8
0 2 2 1037 22
0 4 2 1037 50
0 1 1 1038 8
0 2 6 1038 22
0 4 2 1038 50
0 1 1 1039 8
0 2 2 1039 22
0 4 2 1039 50
0 2 2 1040 15
0 6 14 1040 51
0 1 1 1041 7
0 2 6 1041 21
0 4 2 1041 49
0 1 1 1042 6
0 2 2 1042 20
0 4 2 1042 48
0 3 11 1043 3
0 2 2 1044 17
0 6 14 1044 53
0 2 2 1045 17
0 6 14 1045 53
0 1 1 1046 5
0 2 2 1046 19
0 4 2 1046 47
0 2 2 1047 18
0 6 14 1047 54
0 1 1 1048 4
0 2 6 1048 18
0 4 2 1048 46
0 1 2 1049 2
0 2 2 1049 18
0 6 14 1049 54
0 1 1 1050 3
0 2 2 1050 17
0 5 2 1050 44
0 1 1 1051 3
0 2 6 1051 17
0 4 2 1051 45
0 2 2 1052 20
0 6 14 1052 56
0 1 1 1053 2
0 2 6 1053 16
0 4 2 1053 44
0 1 4 1054 0
0 2 2 1054 20
0 6 14 1054 56
0 1 1 1055 1
0 2 6 1055 15
0 4 2 1055 43
0 1 1 1056 0
0 2 6 1056 14
0 4 2 1056 42
0 2 6 1057 14
0 4 2 1057 42
0 1 4 1058 3
0 2 2 1058 23
0 6 14 1058 59
0 2 6 1059 13
0 4 2 1059 41
0 1 4 1060 4
0 2 2 1060 24
0 6 14 1060 60
0 1 4 1061 4
0 2 2 1061 24
0 6 14 1061 60
0 1 4 1062 5
0 2 2 1062 25
0 6 14 1062 61
0 1 4 1063 5
0 2 2 1063 25
0 6 14 1063 61
0 2 2 1064 11
0 4 2 1064 39
0 1 1 1065 3
0 2 2 1065 17
0 4 2 1065 45
0 2 2 1066 13
0 4 2 1066 41
0 1 4 1067 0
0 2 2 1067 20
0 6 14 1067 56
0 1 4 1068 0
0 2 2 1068 20
0 6 14 1068 56
0 1 4 1069 2
0 2 2 1069 22
0 6 14 1069 58
0 1 4 1070 7
0 2 2 1070 27
0 6 14 1070 63
0 1 4 1071 1
0 2 2 1071 21
0 6 14 1071 57
0 2 6 1072 9
0 4 2 1072 37
0 2 2 1073 6
0 2 3 1073 29
0 3 4 1073 75
0 2 2 1074 9
0 4 2 1074 37
0 2 2 1075 19
0 6 14 1075 55
0 2 2 1076 7
0 4 2 1076 35
0 2 6 1077 7
0 4 2 1077 35
0 1 4 1078 11
0 2 2 1078 31
0 6 14 1078 67
0 2 7 1079 0
0 2 2 1079 32
0 6 14 1079 68
0 2 2 1080 4
0 4 2 1080 32
0 2 6 1081 4
0 4 2 1081 32
0 2 7 1082 1
0 2 2 1082 33
0 6 14 1082 69
0 2 7 1083 2
0 2 2 1083 34
0 6 14 1083 70
0 2 7 1084 2
0 2 2 1084 34
0 6 14 1084 70
0 2 7 1085 2
0 2 2 1085 34
0 6 14 1085 70
0 2 7 1086 2
0 2 2 1086 34
0 6 14 1086 70
0 2 2 1087 0
0 4 2 1087 28
0 2 7 1088 5
0 2 2 1088 37
0 6 14 1088 73
0 4 2 1089 24
0 4 2 1090 24
0 4 2 1091 25
0 2 7 1092 6
0 2 2 1092 38
0 6 14 1092 74
0 2 7 1093 7
0 2 2 1093 39
0 6 14 1093 75
0 4 2 1094 23
0 2 7 1095 11
0 2 4 1095 21
0 5 1 1095 79
0 2 7 1096 12
0 2 2 1096 44
0 6 14 1096 80
0 4 2 1097 21
0 4 2 1098 21
0 1 1 1099 0
0 2 7 1099 12
0 2 2 1099 44
0 6 14 1099 80
0 4 2 1100 20
0 1 1 1101 1
0 2 7 1101 13
0 2 2 1101 45
0 6 14 1101 81
0 1 1 1102 1
0 2 7 1102 13
0 2 2 1102 45
0 6 14 1102 81
0 4 2 1103 19
0 4 2 1104 19
0 4 2 1105 19
0 4 2 1106 18
0 4 2 1107 17
0 1 1 1108 4
0 2 7 1108 16
0 2 2 1108 48
0 6 14 1108 84
0 4 2 1109 16
0 4 2 1110 16
0 4 2 1111 16
0 2 1 1112 1
0 2 2 1112 51
0 6 14 1112 87
