1 2 0 3 0
1 1 29 3 3
1 29 -1 3 4
1 1 29 7 4
1 29 -1 7 5
1 1 29 8 4
1 29 -1 8 5
1 3 2 9 0
1 2 3 9 34
1 2 4 9 49
1 3 2 10 0
1 2 3 10 34
1 2 4 10 49
1 1 4 11 0
1 4 0 11 1
1 1 29 11 6
1 29 -1 11 7
1 0 1 12 0
1 2 3 12 1
1 2 3 12 32
1 2 4 12 47
1 2 3 13 0
1 2 3 13 31
1 2 4 13 46
1 1 1 14 0
1 1 1 14 1
1 1 4 14 2
1 4 0 14 3
1 1 29 14 8
1 29 -1 14 9
1 2 0 15 0
1 2 3 15 30
1 2 4 15 45
1 1 29 16 9
1 29 -1 16 10
1 0 2 18 0
1 2 3 18 28
1 2 4 18 43
1 0 2 19 0
1 2 3 19 28
1 2 4 19 43
1 0 2 20 0
1 2 3 20 28
1 2 4 20 43
1 0 2 21 0
1 2 3 22 27
1 2 4 22 42
1 24 -1 23 0
1 2 3 23 26
1 2 4 23 41
1 24 -1 24 0
1 2 0 25 0
1 1 1 26 141
1 1 1 26 142
1 1 1 26 143
1 1 1 27 142
1 1 1 27 143
1 1 1 28 0
1 1 3 28 1
1 3 3 28 2
1 2 0 28 21
1 2 3 28 24
1 2 4 28 39
1 5 0 29 0
1 1 1 29 143
1 3 3 30 0
1 2 0 30 19
1 2 3 30 22
1 2 4 30 37
1 3 3 31 0
1 2 0 31 19
1 2 3 31 22
1 2 4 31 37
1 2 0 32 18
1 2 3 32 21
1 2 4 32 36
1 1 2 33 0
1 2 5 33 1
1 1 3 34 0
1 3 3 34 1
1 2 0 34 17
1 2 3 34 20
1 2 4 34 35
1 1 3 35 0
1 3 3 35 1
1 2 0 35 17
1 2 3 35 20
1 2 4 35 35
1 1 1 36 0
1 1 2 36 1
1 2 5 36 2
1 3 3 39 0
1 2 0 39 13
1 2 3 39 16
1 2 4 39 31
1 2 0 40 12
1 2 3 40 15
1 2 4 40 30
1 1 3 41 0
1 3 3 41 1
1 2 0 41 11
1 2 3 41 14
1 2 4 41 29
1 3 1 42 0
1 1 4 42 4
1 4 2 42 5
1 2 0 43 9
1 2 3 43 12
1 2 4 43 27
1 1 3 44 0
1 3 3 44 1
1 2 0 44 8
1 2 3 44 11
1 2 4 44 26
1 1 3 45 0
1 3 3 45 1
1 2 0 45 8
1 2 3 45 11
1 2 4 45 26
1 3 3 46 0
1 2 0 46 7
1 2 3 46 10
1 2 4 46 25
1 3 3 47 0
1 2 0 47 7
1 2 3 47 10
1 2 4 47 25
1 1 4 48 7
1 4 2 48 8
1 2 0 49 6
1 2 3 49 9
1 2 4 49 24
1 1 3 50 0
1 3 1 50 1
1 2 0 50 5
1 2 3 50 8
1 2 4 50 23
1 1 4 51 9
1 4 2 51 10
1 9 1 52 0
1 1 4 52 10
1 4 2 52 11
1 2 0 53 3
1 2 3 53 6
1 2 4 53 21
1 2 0 54 3
1 2 3 54 6
1 2 4 54 21
1 4 8 55 0
1 1 1 56 0
1 1 2 56 1
1 2 0 56 2
1 2 3 56 5
1 2 4 56 20
1 0 1 57 0
1 4 8 57 1
1 2 4 58 0
1 2 4 59 0
1 2 4 60 0
1 2 0 61 0
1 2 3 61 3
1 2 4 61 18
1 0 1 62 0
1 2 4 62 1
1 0 1 63 0
1 2 4 63 1
1 1 0 64 0
1 0 1 64 1
1 2 4 64 2
1 0 1 65 0
1 2 3 65 1
1 2 4 65 16
1 0 1 66 0
1 2 3 66 1
1 2 4 66 16
1 2 4 67 3
1 3 0 68 0
1 2 4 68 4
1 1 3 69 0
1 3 0 69 1
1 2 4 69 5
1 1 3 70 0
1 3 0 70 1
1 2 4 70 5
1 2 4 71 14
1 2 4 72 14
1 2 4 73 6
1 6 6 74 0
1 2 4 74 13
1 6 6 75 0
1 2 4 75 13
1 1 2 76 55
1 2 7 76 56
1 0 2 77 0
1 0 2 78 0
1 6 0 79 4
1 2 4 79 11
1 6 0 80 4
1 2 4 80 11
1 6 0 85 2
1 2 4 85 9
1 6 0 86 2
1 2 4 86 9
1 2 4 91 6
1 2 4 92 6
1 2 4 93 5
1 3 0 94 0
1 2 4 94 4
1 1 0 96 0
1 0 1 96 1
1 2 4 96 2
1 1 0 97 0
1 0 1 97 1
1 2 4 97 2
1 1 0 98 0
1 0 1 98 1
1 2 4 98 2
1 3 0 101 0
1 3 0 102 0
1 2 4 103 0
1 1 3 104 0
1 3 0 104 1
1 0 1 105 0
1 4 3 105 1
1 1 1 105 143
1 1 3 106 0
1 3 0 106 1
1 1 1 107 0
1 1 3 107 1
1 3 0 107 2
1 1 1 108 0
1 1 3 108 1
1 3 0 108 2
1 1 1 109 0
1 1 3 109 1
1 3 0 109 2
1 2 2 113 0
1 0 1 114 0
1 3 10 114 1
1 2 4 115 0
1 3 10 116 0
1 3 10 117 0
1 1 4 118 0
1 4 0 118 1
1 1 5 118 6
1 5 17 118 7
1 1 1 123 0
1 1 0 123 1
1 0 1 123 2
1 1 5 123 3
1 5 17 123 4
1 1 3 125 0
1 3 0 125 1
1 0 1 126 0
1 1 5 126 1
1 5 17 126 2
1 0 3 127 0
1 1 0 128 0
1 0 3 128 1
1 1 0 130 0
1 0 1 130 1
1 1 17 130 2
1 17 -1 130 3
1 1 3 131 0
1 3 0 131 1
1 0 1 132 0
1 1 17 132 1
1 17 -1 132 2
1 1 3 138 0
1 3 0 138 1
1 1 1 140 0
1 1 3 140 1
1 3 10 140 2
1 1 3 141 0
1 3 10 141 1
1 2 9 144 0
1 2 9 145 0
1 1 1 147 0
1 1 2 147 1
1 2 9 147 2
1 5 0 154 7
1 5 0 155 5
1 1 2 156 0
1 2 1 156 1
1 5 0 156 4
1 1 2 157 0
1 2 1 157 1
1 5 0 157 4
1 2 1 158 0
1 5 0 158 3
1 0 1 159 0
1 3 3 159 1
1 5 0 160 2
1 1 5 161 0
1 5 0 161 1
1 1 5 162 0
1 5 0 162 1
1 5 0 163 0
1 5 0 164 0
1 1 2 165 0
1 2 0 165 1
1 3 3 165 4
1 1 2 166 0
1 2 0 166 1
1 3 3 166 4
1 0 2 168 3
1 1 1 168 143
1 1 1 169 0
1 1 1 169 1
1 1 2 169 2
1 2 0 169 3
1 3 3 169 6
1 3 3 170 8
1 0 2 171 0
1 0 2 172 0
1 3 3 173 11
1 9 2 174 0
1 3 3 174 12
1 9 2 175 0
1 3 3 175 12
1 0 2 176 15
1 3 0 177 0
1 0 2 177 14
1 3 4 177 137
1 3 9 178 0
1 3 3 178 15
1 3 9 179 0
1 3 3 179 15
1 3 9 180 0
1 3 3 180 15
1 1 0 181 0
1 0 2 181 1
1 0 2 181 12
1 3 6 181 135
1 1 0 182 0
1 0 2 182 1
1 0 2 182 12
1 3 6 182 135
1 0 2 183 10
1 3 7 183 133
1 0 2 184 10
1 3 7 184 133
1 0 2 185 10
1 3 7 185 133
1 1 1 186 0
1 1 0 186 1
1 0 1 186 2
1 2 7 186 3
1 3 3 186 18
1 1 1 187 0
1 1 1 187 1
1 1 0 187 2
1 0 1 187 3
1 2 7 187 4
1 3 3 187 19
1 1 1 188 0
1 1 1 188 1
1 1 0 188 2
1 0 1 188 3
1 2 7 188 4
1 3 3 188 19
1 0 2 189 8
1 3 11 189 131
1 2 7 190 5
1 3 3 190 20
1 2 7 191 5
1 3 3 191 20
1 2 7 192 5
1 3 3 192 20
1 2 7 193 5
1 3 3 193 20
1 5 1 194 0
1 0 2 194 6
1 3 12 194 129
1 2 7 195 8
1 3 3 195 23
1 0 2 196 4
1 3 15 196 127
1 0 2 197 3
1 3 16 197 126
1 1 8 198 0
1 8 0 198 1
1 2 7 198 10
1 3 3 198 25
1 1 1 199 0
1 1 0 199 1
1 0 2 199 2
1 3 17 199 125
1 2 7 200 11
1 3 3 200 26
1 1 0 201 0
1 0 2 201 1
1 3 18 201 124
1 3 8 202 0
1 2 7 202 12
1 3 3 202 27
1 3 8 203 0
1 2 7 203 12
1 3 3 203 27
1 0 2 204 0
1 3 19 204 123
1 3 20 205 122
1 6 3 206 0
1 2 7 206 13
1 3 3 206 28
1 1 5 207 4
1 5 14 207 5
1 4 5 207 26
1 3 21 207 120
1 1 5 208 4
1 5 14 208 5
1 4 5 208 26
1 3 21 208 120
1 0 1 209 0
1 6 3 209 1
1 2 7 209 14
1 3 3 209 29
1 2 0 210 0
1 1 5 210 3
1 5 14 210 4
1 4 5 210 25
1 3 19 210 119
1 0 1 211 0
1 1 5 211 1
1 5 14 211 2
1 4 5 211 23
1 3 19 211 117
1 4 6 212 0
1 2 7 212 17
1 3 3 212 32
1 0 2 213 0
1 0 2 216 0
1 12 32 217 2
1 2 4 218 0
1 8 0 218 10
1 4 5 218 21
1 3 19 218 115
1 2 4 219 0
1 8 0 219 10
1 4 5 219 21
1 3 19 219 115
1 8 0 220 9
1 4 5 220 20
1 3 19 220 114
1 1 1 221 0
1 1 0 221 1
1 0 2 221 2
1 5 0 223 0
1 8 0 224 3
1 4 5 224 14
1 3 19 224 108
1 8 0 225 3
1 4 5 225 14
1 3 19 225 108
1 8 0 226 2
1 4 5 226 13
1 3 19 226 107
1 1 8 227 0
1 8 0 227 1
1 4 5 227 12
1 3 19 227 106
1 1 1 227 142
1 1 8 228 0
1 8 0 228 1
1 4 5 228 12
1 3 19 228 106
1 1 1 228 142
1 1 8 229 0
1 8 0 229 1
1 4 5 229 12
1 3 19 229 106
1 1 1 229 142
1 1 1 230 0
1 1 1 230 1
1 1 1 230 2
1 1 1 230 3
1 1 5 230 4
1 5 0 230 5
1 1 11 231 0
1 11 -1 231 1
1 3 1 232 0
1 1 1 232 4
1 1 0 232 5
1 0 2 232 6
1 4 5 232 9
1 3 19 232 103
1 0 1 233 0
1 1 11 233 1
1 11 -1 233 2
1 0 1 234 0
1 1 11 234 1
1 11 -1 234 2
1 1 0 235 0
1 0 1 235 1
1 1 11 235 2
1 11 -1 235 3
1 1 1 236 0
1 1 1 236 1
1 1 0 236 2
1 0 2 236 3
1 4 5 236 6
1 3 19 236 100
1 1 1 237 0
1 1 1 237 1
1 1 0 237 2
1 0 2 237 3
1 4 5 237 6
1 3 19 237 100
1 1 11 238 3
1 11 -1 238 4
1 1 3 239 0
1 3 0 239 1
1 1 11 239 5
1 11 -1 239 6
1 1 0 240 0
1 0 2 240 1
1 4 5 240 4
1 3 19 240 98
1 1 1 241 0
1 1 1 241 1
1 1 1 241 2
1 1 1 241 3
1 1 5 241 4
1 5 0 241 5
1 3 4 242 0
1 0 2 243 0
1 4 5 243 3
1 3 19 243 97
1 3 19 244 94
1 6 0 245 0
1 3 19 245 92
1 6 0 246 0
1 3 19 246 92
1 2 0 247 0
1 3 19 249 89
1 5 0 250 0
1 1 0 251 0
1 0 2 251 1
1 3 19 251 87
1 2 22 253 3
1 3 19 253 85
1 1 8 254 0
1 8 0 254 1
1 1 0 255 0
1 0 1 255 1
1 2 13 255 2
1 3 19 255 83
1 8 0 256 2
1 0 1 257 0
1 2 13 257 1
1 3 19 257 82
1 0 1 258 0
1 2 13 258 1
1 3 19 258 82
1 2 1 259 0
1 8 0 259 3
1 1 1 260 11
1 1 0 260 12
1 0 1 260 13
1 1 11 260 14
1 11 -1 260 15
1 1 2 261 0
1 2 1 261 1
1 8 0 261 4
1 1 2 262 0
1 2 1 262 1
1 8 0 262 4
1 0 1 263 0
1 10 -1 263 1
1 3 19 263 80
1 1 2 264 0
1 2 4 264 1
1 1 3 264 8
1 3 10 264 9
1 3 19 264 79
1 1 2 265 0
1 2 4 265 1
1 1 3 265 8
1 3 10 265 9
1 3 19 265 79
1 1 2 266 0
1 2 4 266 1
1 1 3 266 8
1 3 10 266 9
1 3 19 266 79
1 1 2 267 0
1 2 4 267 1
1 1 3 267 8
1 3 10 267 9
1 3 19 267 79
1 2 4 268 0
1 1 3 268 7
1 3 10 268 8
1 3 19 268 78
1 1 3 269 6
1 3 10 269 7
1 3 19 269 77
1 1 2 270 5
1 2 1 270 6
1 8 0 270 9
1 1 2 271 5
1 2 1 271 6
1 8 0 271 9
1 5 0 272 0
1 4 1 273 0
1 1 3 273 5
1 3 10 273 6
1 3 19 273 76
1 4 1 274 0
1 1 3 274 5
1 3 10 274 6
1 3 19 274 76
1 2 3 275 0
1 1 2 275 6
1 2 1 275 7
1 8 0 275 10
1 1 3 276 4
1 3 10 276 5
1 3 19 276 75
1 1 3 277 4
1 3 10 277 5
1 3 19 277 75
1 1 3 278 3
1 3 10 278 4
1 3 19 278 74
1 1 3 279 3
1 3 10 279 4
1 3 19 279 74
1 1 2 280 8
1 2 1 280 9
1 8 0 280 12
1 1 3 281 2
1 3 10 281 3
1 3 19 281 73
1 2 11 282 0
1 2 11 283 0
1 1 1 284 0
1 1 3 284 1
1 3 10 284 2
1 3 19 284 72
1 3 10 285 0
1 3 19 285 70
1 3 10 286 0
1 3 19 286 70
1 3 10 287 0
1 3 19 287 70
1 3 10 288 0
1 3 19 288 70
1 3 10 289 0
1 3 19 289 70
1 3 19 290 69
1 3 19 291 69
1 1 1 292 0
1 1 1 292 1
1 1 0 292 2
1 0 1 292 3
1 2 11 292 4
1 0 1 293 0
1 7 11 293 1
1 2 2 294 0
1 0 1 295 0
1 7 11 295 1
1 0 1 296 0
1 7 11 296 1
1 3 19 297 66
1 3 19 298 64
1 7 11 299 4
1 7 11 300 5
1 7 11 301 5
1 7 11 302 5
1 7 11 303 4
1 1 4 304 0
1 4 0 304 1
1 3 19 304 62
1 5 0 305 0
1 7 11 305 6
1 5 0 306 0
1 7 11 306 6
1 4 0 307 0
1 3 19 307 61
1 2 0 308 0
1 3 19 308 59
1 3 19 309 58
1 0 2 310 0
1 3 19 310 57
1 0 2 311 0
1 3 19 311 57
1 0 2 312 0
1 3 19 312 57
1 3 5 313 0
1 3 19 313 55
1 3 0 314 0
1 2 3 314 4
1 3 0 315 0
1 2 3 315 4
1 2 5 316 0
1 2 5 317 0
1 3 19 318 53
1 1 2 319 0
1 2 5 319 1
1 3 19 319 52
1 1 2 320 0
1 2 6 320 1
1 3 19 320 52
1 0 3 321 0
1 2 6 322 0
1 3 19 322 51
1 2 0 324 0
1 2 0 325 0
1 6 3 326 0
1 3 19 326 49
1 1 1 328 0
1 1 1 328 1
1 1 1 328 2
1 1 3 328 3
1 3 0 328 4
1 3 19 328 47
1 1 4 329 0
1 4 0 329 1
1 1 1 329 141
1 1 1 329 142
1 1 1 329 143
1 1 4 330 0
1 4 0 330 1
1 1 1 330 141
1 1 1 330 142
1 1 1 330 143
1 1 1 331 0
1 1 1 331 1
1 1 3 331 2
1 3 0 331 3
1 3 19 331 46
1 1 3 332 0
1 3 0 332 1
1 3 19 332 44
1 1 3 333 0
1 3 0 333 1
1 3 19 333 44
1 3 1 334 0
1 4 0 334 4
1 1 3 335 0
1 3 0 335 1
1 3 19 335 44
1 1 3 336 0
1 3 1 336 1
1 4 0 336 5
1 3 19 337 42
1 1 1 337 142
1 0 3 338 0
1 3 19 338 40
1 0 3 339 0
1 3 19 339 40
1 3 19 340 38
1 1 0 341 0
1 0 1 341 1
1 1 11 341 2
1 11 -1 341 3
1 1 0 342 0
1 0 1 342 1
1 1 11 342 2
1 11 -1 342 3
1 2 3 343 2
1 3 19 343 37
1 2 3 344 2
1 3 19 344 37
1 0 1 345 2
1 1 11 345 3
1 11 -1 345 4
1 0 1 346 2
1 1 11 346 3
1 11 -1 346 4
1 0 1 347 0
1 2 3 347 1
1 3 19 347 36
1 3 1 348 0
1 0 1 348 4
1 1 11 348 5
1 11 -1 348 6
1 4 5 348 17
1 0 1 349 0
1 3 12 349 1
1 4 3 349 16
1 3 19 349 33
1 3 4 350 0
1 8 0 351 6
1 4 3 351 15
1 3 19 351 32
1 2 3 352 0
1 2 3 353 0
1 0 1 354 0
1 2 3 354 1
1 8 0 355 4
1 4 3 355 13
1 3 19 355 30
1 8 0 356 4
1 4 3 356 13
1 3 19 356 30
1 1 1 357 0
1 1 1 357 1
1 1 8 357 2
1 8 0 357 3
1 4 3 357 12
1 3 19 357 29
1 1 1 358 0
1 1 8 358 1
1 8 0 358 2
1 4 3 358 11
1 3 19 358 28
1 1 2 359 0
1 2 1 359 1
1 0 1 359 4
1 2 3 359 5
1 8 0 360 0
1 4 3 360 9
1 3 19 360 26
1 8 0 361 0
1 4 3 361 9
1 3 19 361 26
1 0 1 362 5
1 2 3 362 6
1 4 3 363 8
1 3 19 363 25
1 5 0 364 0
1 4 3 364 6
1 3 19 364 23
1 5 0 365 0
1 4 3 365 6
1 3 19 365 23
1 5 0 366 0
1 4 3 366 6
1 3 19 366 23
1 5 0 367 0
1 4 3 367 6
1 3 19 367 23
1 7 1 368 0
1 0 1 368 8
1 2 3 368 9
1 4 3 369 5
1 3 19 369 22
1 4 3 370 5
1 3 19 370 22
1 4 3 371 5
1 3 19 371 22
1 4 3 372 5
1 3 19 372 22
1 4 3 373 5
1 3 19 373 22
1 1 7 374 0
1 7 1 374 1
1 0 1 374 9
1 2 3 374 10
1 3 0 375 0
1 4 3 375 4
1 3 19 375 21
1 3 0 376 0
1 4 3 376 4
1 3 19 376 21
1 3 0 377 0
1 4 3 377 4
1 3 19 377 21
1 0 1 378 10
1 2 3 378 11
1 1 0 379 0
1 0 1 379 1
1 4 3 379 2
1 3 19 379 19
1 0 1 380 12
1 2 3 380 13
1 4 3 381 0
1 3 19 381 17
1 4 3 382 0
1 3 19 382 17
1 4 3 383 0
1 3 19 383 17
1 4 3 384 0
1 3 19 384 17
1 4 3 385 0
1 3 19 385 17
1 8 7 386 0
1 0 1 386 16
1 2 3 386 17
1 1 8 387 0
1 8 7 387 1
1 0 1 387 17
1 2 3 387 18
1 1 8 388 0
1 8 7 388 1
1 0 1 388 17
1 2 3 388 18
1 3 7 389 0
1 3 19 389 13
1 3 7 390 0
1 3 19 390 13
1 3 7 391 0
1 3 19 391 13
1 3 7 392 0
1 3 19 392 13
1 3 7 393 0
1 3 19 393 13
1 8 7 394 2
1 0 1 394 18
1 2 3 394 19
1 8 7 395 2
1 0 1 395 18
1 2 3 395 19
1 5 2 396 0
1 0 3 396 8
1 3 10 396 12
1 5 2 397 0
1 0 3 397 8
1 3 19 397 12
1 5 2 398 0
1 0 3 398 8
1 3 19 398 12
1 3 2 399 0
1 0 3 399 6
1 3 19 399 10
1 1 0 400 0
1 0 1 400 1
1 2 10 400 2
1 2 3 400 24
1 1 0 401 0
1 0 1 401 1
1 2 10 401 2
1 2 3 401 24
1 3 0 402 0
1 2 10 402 4
1 2 3 402 26
1 1 0 403 0
1 0 3 403 1
1 3 19 403 5
1 0 3 404 0
1 3 19 404 4
1 3 3 405 0
1 2 10 405 7
1 2 3 405 29
1 3 3 406 0
1 2 10 406 7
1 2 3 406 29
1 1 7 407 0
1 7 1 407 1
1 8 0 407 9
1 2 63 407 80
1 3 7 408 2
1 3 5 408 40
1 1 3 409 0
1 3 7 409 1
1 3 5 409 39
1 1 3 410 0
1 3 7 410 1
1 3 5 410 39
1 2 10 411 10
1 2 3 411 32
1 4 5 412 0
1 3 5 412 38
1 10 0 413 0
1 2 10 413 11
1 2 3 413 33
1 3 5 414 37
1 2 2 415 0
1 2 3 415 34
1 1 5 418 0
1 5 0 418 1
1 3 5 418 35
1 3 5 421 33
1 3 5 422 33
1 1 2 423 0
1 2 0 423 1
1 3 5 425 27
1 6 4 428 3
1 3 5 428 26
1 0 1 431 0
1 6 4 431 1
1 3 5 431 24
1 6 4 432 0
1 3 5 432 23
1 4 9 433 0
1 4 9 434 0
1 4 9 435 0
1 1 4 436 0
1 4 9 436 1
1 10 3 438 0
1 1 1 438 14
1 1 0 438 15
1 0 3 438 16
1 3 5 438 20
1 10 3 439 0
1 1 1 439 14
1 1 0 439 15
1 0 3 439 16
1 3 5 439 20
1 4 4 441 0
1 4 4 442 0
1 1 1 443 12
1 1 0 443 13
1 0 3 443 14
1 3 5 443 18
1 1 4 444 0
1 4 4 444 1
1 1 6 445 0
1 6 3 445 1
1 1 1 445 11
1 1 0 445 12
1 0 3 445 13
1 3 5 445 17
1 1 1 446 8
1 1 0 446 9
1 0 3 446 10
1 3 5 446 14
1 1 1 448 0
1 1 1 448 1
1 1 3 448 2
1 3 1 448 3
1 1 1 448 7
1 1 0 448 8
1 0 3 448 9
1 3 5 448 13
1 1 1 449 0
1 1 1 449 1
1 1 3 449 2
1 3 1 449 3
1 1 1 449 7
1 1 0 449 8
1 0 3 449 9
1 3 5 449 13
1 0 2 450 0
1 1 3 451 0
1 3 1 451 1
1 1 1 451 5
1 1 0 451 6
1 0 3 451 7
1 3 5 451 11
1 1 3 452 0
1 3 1 452 1
1 1 1 452 5
1 1 0 452 6
1 0 3 452 7
1 3 5 452 11
1 3 1 453 0
1 1 1 453 4
1 1 0 453 5
1 0 3 453 6
1 3 5 453 10
1 0 2 458 0
1 0 2 460 0
1 0 2 461 0
1 2 0 463 0
1 3 5 464 2
1 3 5 465 2
1 1 2 466 0
1 2 2 466 1
1 1 3 467 0
1 3 5 467 1
1 2 4 467 11
1 2 2 467 26
1 1 5 470 0
1 5 3 470 1
1 2 4 470 10
1 2 2 470 25
1 2 4 472 8
1 2 2 472 23
1 2 4 473 8
1 2 2 473 23
1 3 3 475 0
1 2 4 475 7
1 2 2 475 22
1 2 4 478 6
1 2 2 478 21
1 2 4 479 6
1 2 2 479 21
1 2 4 480 5
1 2 2 480 20
1 2 4 481 3
1 2 2 481 18
1 2 4 482 3
1 2 2 482 18
1 3 0 483 0
1 1 0 484 0
1 0 1 484 1
1 2 4 484 2
1 2 2 484 17
1 0 1 485 0
1 2 4 485 1
1 2 2 485 16
1 2 4 486 0
1 2 2 486 15
1 2 2 487 14
1 3 3 488 2
1 2 2 493 11
1 4 3 494 2
1 2 2 494 10
1 0 1 495 0
1 3 2 495 1
1 0 1 496 0
1 3 2 496 1
1 2 3 497 0
1 0 1 498 0
1 2 3 498 1
1 1 3 499 0
1 3 0 499 1
1 2 2 499 5
1 1 0 500 0
1 0 1 500 1
1 2 3 500 2
1 1 0 501 0
1 0 1 501 1
1 2 2 501 2
1 2 1 502 0
1 0 1 502 3
1 2 3 502 4
1 2 2 503 0
1 2 3 504 7
1 0 2 507 0
1 1 1 509 0
1 1 0 509 1
1 0 2 509 2
1 1 0 510 2
1 0 2 510 3
1 1 3 511 0
1 3 0 511 1
1 1 3 512 0
1 3 0 512 1
1 2 1 513 0
1 1 0 513 3
1 0 2 513 4
1 2 1 514 0
1 1 0 514 3
1 0 2 514 4
1 3 0 515 0
1 3 0 516 0
1 0 3 519 0
1 8 0 520 0
1 1 4 522 0
1 4 6 522 1
1 1 0 523 0
1 0 1 523 1
1 2 5 523 2
1 43 23 523 23
1 1 0 524 0
1 0 1 524 1
1 2 5 524 2
1 43 23 524 23
1 0 1 525 0
1 2 5 525 1
1 43 23 525 22
1 4 117 526 3
1 4 117 527 3
1 2 5 528 0
1 43 23 528 21
1 2 7 529 0
1 43 23 529 21
1 4 30 530 2
1 4 117 531 6
1 43 23 532 18
1 4 0 533 0
1 4 117 533 8
1 43 23 534 17
1 4 0 535 0
1 4 117 535 8
1 4 8 536 0
1 43 23 536 16
1 1 1 537 0
1 1 8 537 1
1 8 0 537 2
1 43 23 537 14
1 1 1 538 0
1 1 8 538 1
1 8 0 538 2
1 43 23 538 14
1 2 2 539 0
1 4 117 539 12
1 1 1 539 144
1 1 8 540 0
1 8 0 540 1
1 43 23 540 13
1 8 0 541 0
1 43 23 541 12
1 1 1 542 0
1 1 2 542 1
1 2 2 542 2
1 4 117 542 14
1 1 1 543 0
1 1 2 543 1
1 2 2 543 2
1 4 117 543 14
1 1 1 544 0
1 1 2 544 1
1 2 2 544 2
1 4 117 544 14
1 43 23 545 11
1 43 23 546 11
1 2 2 547 3
1 4 117 547 15
1 3 3 548 0
1 43 23 548 10
1 2 2 549 4
1 4 117 549 16
1 4 117 550 17
1 4 117 551 17
1 1 6 552 0
1 6 2 552 1
1 4 117 552 19
1 1 6 553 0
1 6 2 553 1
1 4 117 553 19
1 1 6 554 0
1 6 2 554 1
1 4 117 554 19
1 4 117 555 20
1 5 11 556 2
1 4 117 556 21
1 5 11 557 2
1 4 117 557 21
1 0 2 558 0
1 5 11 558 3
1 4 117 558 22
1 0 2 559 0
1 5 11 559 3
1 4 117 559 22
1 0 2 560 0
1 5 11 560 3
1 4 117 560 22
1 43 23 561 2
1 1 8 562 0
1 8 2 562 1
1 1 8 563 0
1 8 2 563 1
1 4 0 564 0
1 5 11 564 7
1 4 115 564 26
1 4 0 565 0
1 5 11 565 7
1 4 115 565 26
1 5 11 566 9
1 4 114 566 28
1 1 5 567 0
1 5 2 567 1
1 3 4 568 0
1 5 11 568 10
1 4 113 568 29
1 1 3 569 0
1 3 4 569 1
1 5 11 569 11
1 4 112 569 30
1 3 2 570 0
1 5 11 571 13
1 4 109 571 32
1 5 11 572 13
1 4 109 572 32
1 1 4 575 0
1 4 3 575 1
1 5 11 575 15
1 4 107 575 34
1 1 4 576 0
1 4 3 576 1
1 5 11 576 15
1 4 107 576 34
1 1 1 577 142
1 1 1 577 143
1 1 1 578 142
1 1 1 578 143
1 1 1 579 0
1 1 1 579 1
1 1 4 579 2
1 4 3 579 3
1 5 11 579 17
1 4 106 579 36
1 5 0 580 0
1 5 0 581 0
1 5 11 582 18
1 4 105 582 37
1 1 0 584 0
1 0 2 584 1
1 1 0 585 0
1 0 2 585 1
1 13 -1 585 124
1 8 4 586 0
1 5 11 586 22
1 4 101 586 41
1 0 1 588 0
1 3 3 588 1
1 5 11 588 24
1 4 98 588 43
1 0 1 589 0
1 3 3 589 1
1 5 11 589 24
1 4 98 589 43
1 0 1 593 0
1 2 3 593 1
1 5 11 593 26
1 4 96 593 45
1 1 3 594 0
1 3 9 594 1
1 3 9 595 0
1 3 9 596 0
1 3 9 597 0
1 0 1 598 0
1 4 3 598 1
1 5 11 598 28
1 4 94 598 47
1 4 3 599 5
1 5 11 599 32
1 4 90 599 51
1 4 3 600 5
1 5 11 600 32
1 4 90 600 51
1 5 0 601 0
1 4 3 601 6
1 5 11 601 33
1 4 89 601 52
1 5 0 602 0
1 4 3 602 6
1 5 11 602 33
1 4 89 602 52
1 1 5 606 0
1 5 0 606 1
1 4 3 606 7
1 5 11 606 34
1 4 88 606 53
1 1 1 607 0
1 1 5 607 1
1 5 0 607 2
1 4 3 607 8
1 5 11 607 35
1 4 87 607 54
1 1 1 608 0
1 1 5 608 1
1 5 0 608 2
1 4 3 608 8
1 5 11 608 35
1 4 87 608 54
1 2 0 609 2
1 2 0 610 2
1 4 3 611 9
1 5 11 611 36
1 4 86 611 55
1 1 2 612 0
1 2 0 612 1
1 9 0 613 0
1 4 3 613 10
1 5 11 613 37
1 4 84 613 56
1 9 0 614 0
1 4 3 614 10
1 1 5 614 36
1 5 7 614 37
1 4 84 614 56
1 2 0 615 0
1 2 2 617 0
1 2 3 617 56
1 4 12 617 78
1 10 0 618 0
1 3 11 618 11
1 2 17 618 25
1 2 3 618 54
1 4 12 618 76
1 10 0 619 0
1 3 11 619 11
1 2 17 619 25
1 2 3 619 54
1 4 12 619 76
1 10 0 620 0
1 3 11 620 11
1 2 17 620 25
1 2 3 620 54
1 4 12 620 76
1 1 5 621 0
1 5 9 621 1
1 4 3 621 16
1 5 11 621 43
1 4 79 621 62
1 1 5 622 0
1 5 9 622 1
1 4 3 622 16
1 5 11 622 43
1 4 79 622 62
1 1 5 623 0
1 5 9 623 1
1 4 3 623 16
1 5 11 623 43
1 4 79 623 62
1 8 0 624 0
1 3 11 624 9
1 2 17 624 23
1 2 3 624 52
1 4 12 624 74
1 8 0 625 0
1 3 11 625 9
1 2 17 625 23
1 2 3 625 52
1 4 12 625 74
1 3 11 626 8
1 2 17 626 22
1 2 3 626 51
1 4 12 626 73
1 3 11 627 8
1 2 17 627 22
1 2 3 627 51
1 4 12 627 73
1 1 3 628 0
1 3 5 628 1
1 4 3 628 19
1 5 11 628 46
1 4 76 628 65
1 3 2 629 0
1 0 1 629 6
1 3 11 629 7
1 2 17 629 21
1 2 3 629 50
1 4 12 629 72
1 3 2 630 0
1 0 1 630 6
1 3 11 630 7
1 2 17 630 21
1 2 3 630 50
1 4 12 630 72
1 3 2 631 0
1 0 1 631 6
1 3 11 631 7
1 2 17 631 21
1 2 3 631 50
1 4 12 631 72
1 1 2 632 0
1 2 1 632 1
1 0 1 632 4
1 3 11 632 5
1 2 17 632 19
1 2 3 632 48
1 4 12 632 70
1 1 0 633 0
1 0 1 633 1
1 3 11 633 2
1 2 17 633 16
1 2 3 633 45
1 4 12 633 67
1 1 0 634 0
1 0 1 634 1
1 3 11 634 2
1 2 17 634 16
1 2 3 634 45
1 4 12 634 67
1 0 1 635 0
1 2 1 635 1
1 4 24 635 4
1 5 11 635 52
1 4 69 635 71
1 0 1 636 0
1 3 11 636 1
1 2 17 636 15
1 2 3 636 44
1 4 12 636 66
1 1 0 637 0
1 0 1 637 1
1 2 1 637 2
1 4 24 637 5
1 5 11 637 53
1 4 69 637 72
1 0 3 638 2
1 3 4 638 6
1 0 1 639 2
1 2 1 639 3
1 4 24 639 6
1 5 11 639 54
1 4 68 639 73
1 3 5 640 0
1 2 17 640 13
1 2 5 640 42
1 4 33 640 64
1 3 5 641 0
1 2 17 641 13
1 2 3 641 42
1 4 12 641 64
1 2 17 642 12
1 2 3 642 41
1 4 12 642 63
1 1 5 643 0
1 5 4 643 1
1 2 17 643 11
1 2 3 643 40
1 4 12 643 62
1 5 4 644 0
1 2 17 644 10
1 2 3 644 39
1 4 12 644 61
1 5 4 645 0
1 2 17 645 10
1 2 3 645 39
1 4 12 645 61
1 1 2 646 0
1 2 4 646 1
1 2 1 646 8
1 4 24 646 11
1 5 11 646 59
1 4 62 646 78
1 1 2 647 0
1 2 4 647 1
1 2 1 647 8
1 4 24 647 11
1 5 11 647 59
1 4 62 647 78
1 2 17 648 9
1 2 3 648 38
1 4 12 648 60
1 1 1 649 0
1 1 2 649 1
1 2 4 649 2
1 2 1 649 9
1 4 24 649 12
1 5 11 649 60
1 4 62 649 79
1 2 1 650 0
1 4 0 650 3
1 2 17 650 8
1 2 3 650 37
1 4 12 650 59
1 4 0 651 2
1 2 17 651 7
1 2 3 651 36
1 4 12 651 58
1 1 1 651 140
1 1 4 652 0
1 4 0 652 1
1 2 17 652 6
1 2 3 652 35
1 4 12 652 57
1 6 2 653 0
1 2 1 653 13
1 4 24 653 16
1 5 11 653 64
1 4 58 653 83
1 6 2 654 0
1 2 1 654 13
1 4 24 654 16
1 5 11 654 64
1 4 58 654 83
1 2 1 655 14
1 4 24 655 17
1 5 11 655 65
1 4 57 655 84
1 2 6 656 0
1 0 1 656 14
1 2 1 656 15
1 4 24 656 18
1 5 11 656 66
1 4 56 656 85
1 2 6 657 0
1 2 1 657 15
1 4 24 657 18
1 4 56 657 85
1 2 2 658 0
1 2 1 658 17
1 4 24 658 20
1 5 11 658 68
1 4 54 658 87
1 2 17 659 0
1 2 3 659 29
1 4 12 659 51
1 6 5 660 0
1 3 3 660 12
1 2 3 660 28
1 4 12 660 50
1 1 6 661 0
1 6 7 661 1
1 2 1 661 18
1 4 24 661 21
1 5 11 661 69
1 4 52 661 88
1 0 1 662 0
1 1 6 662 1
1 6 7 662 2
1 2 1 662 19
1 4 24 662 22
1 5 11 662 70
1 4 51 662 89
1 0 1 663 0
1 1 6 663 1
1 6 7 663 2
1 2 1 663 19
1 4 24 663 22
1 5 11 663 70
1 4 51 663 89
1 0 1 664 0
1 1 6 664 1
1 6 7 664 2
1 2 1 664 19
1 4 24 664 22
1 5 11 664 70
1 4 51 664 89
1 1 1 665 0
1 1 1 665 1
1 1 1 665 2
1 1 5 665 3
1 5 0 665 4
1 3 3 665 10
1 2 3 665 26
1 4 12 665 48
1 1 0 666 0
1 0 1 666 1
1 1 6 666 2
1 6 7 666 3
1 2 1 666 20
1 4 24 666 23
1 5 11 666 71
1 4 48 666 90
1 0 1 667 0
1 1 6 667 1
1 6 7 667 2
1 2 1 667 19
1 4 24 667 22
1 5 11 667 70
1 4 51 667 89
1 6 5 668 0
1 2 1 668 17
1 4 24 668 20
1 5 11 668 68
1 4 48 668 87
1 1 1 669 0
1 1 1 669 1
1 1 5 669 2
1 5 0 669 3
1 3 3 669 9
1 2 3 669 25
1 4 12 669 47
1 1 1 670 0
1 1 1 670 1
1 1 5 670 2
1 5 0 670 3
1 3 3 670 9
1 2 3 670 25
1 4 12 670 47
1 1 1 671 0
1 1 5 671 1
1 5 0 671 2
1 3 3 671 8
1 2 3 671 24
1 4 12 671 46
1 1 0 672 2
1 0 1 672 3
1 1 6 672 4
1 6 7 672 5
1 2 1 672 22
1 4 24 672 25
1 5 11 672 73
1 4 48 672 92
1 1 0 673 2
1 0 1 673 3
1 1 6 673 4
1 6 7 673 5
1 2 1 673 22
1 4 24 673 25
1 5 11 673 73
1 4 48 673 92
1 2 1 674 0
1 1 0 674 3
1 0 1 674 4
1 1 6 674 5
1 6 7 674 6
1 2 1 674 23
1 4 24 674 26
1 5 11 674 74
1 4 47 674 93
1 5 0 675 0
1 3 3 675 6
1 2 3 675 22
1 4 12 675 44
1 5 0 676 0
1 3 3 676 6
1 2 3 676 22
1 4 12 676 44
1 1 0 677 4
1 0 1 677 5
1 1 6 677 6
1 6 7 677 7
1 2 1 677 24
1 4 24 677 27
1 5 11 677 75
1 4 46 677 94
1 1 0 678 5
1 0 1 678 6
1 1 6 678 7
1 6 7 678 8
1 2 1 678 25
1 4 24 678 28
1 5 11 678 76
1 4 45 678 95
1 1 0 679 5
1 0 1 679 6
1 1 6 679 7
1 6 7 679 8
1 2 1 679 25
1 4 24 679 28
1 5 11 679 76
1 4 45 679 95
1 1 0 680 5
1 0 1 680 6
1 1 6 680 7
1 6 7 680 8
1 2 1 680 25
1 4 24 680 28
1 5 11 680 76
1 4 45 680 95
1 1 0 681 5
1 0 1 681 6
1 1 6 681 7
1 6 7 681 8
1 2 1 681 25
1 4 24 681 28
1 5 11 681 76
1 4 45 681 95
1 5 1 682 0
1 1 0 682 6
1 0 1 682 7
1 1 6 682 8
1 6 7 682 9
1 2 1 682 26
1 4 24 682 29
1 5 11 682 77
1 4 42 682 96
1 3 3 683 2
1 2 3 683 18
1 4 12 683 40
1 1 1 683 140
1 1 1 684 0
1 1 5 684 1
1 5 1 684 2
1 1 0 684 8
1 0 1 684 9
1 1 6 684 10
1 6 7 684 11
1 2 1 684 28
1 4 24 684 31
1 5 11 684 79
1 4 42 684 98
1 1 1 685 0
1 1 5 685 1
1 5 1 685 2
1 1 0 685 8
1 0 1 685 9
1 1 6 685 10
1 6 7 685 11
1 2 1 685 28
1 4 24 685 31
1 5 11 685 79
1 4 42 685 98
1 0 1 686 0
1 3 3 686 1
1 2 5 686 17
1 4 12 686 39
1 10 -1 687 0
1 1 6 687 10
1 6 7 687 11
1 2 1 687 28
1 4 24 687 31
1 5 11 687 79
1 4 41 687 98
1 10 -1 688 0
1 1 6 688 10
1 6 7 688 11
1 2 1 688 28
1 4 24 688 31
1 4 41 688 99
1 3 3 689 0
1 2 3 689 16
1 4 12 689 38
1 3 3 690 0
1 2 3 690 16
1 4 12 690 38
1 3 3 691 0
1 2 3 691 16
1 4 12 691 38
1 3 3 692 0
1 2 3 692 16
1 4 12 692 38
1 0 2 693 0
1 2 3 693 15
1 4 12 693 37
1 2 3 694 14
1 4 12 694 36
1 2 3 695 14
1 4 12 695 36
1 2 3 696 14
1 4 12 696 36
1 2 1 697 0
1 0 1 697 3
1 10 -1 697 4
1 1 6 697 14
1 6 7 697 15
1 2 1 697 32
1 4 24 697 35
1 5 11 697 83
1 4 37 697 102
1 2 1 698 0
1 0 1 698 3
1 10 -1 698 4
1 1 6 698 14
1 6 7 698 15
1 2 1 698 32
1 4 24 698 35
1 5 11 698 83
1 4 37 698 102
1 2 1 699 0
1 0 1 699 3
1 10 -1 699 4
1 1 6 699 14
1 6 7 699 15
1 2 1 699 32
1 4 24 699 35
1 5 11 699 83
1 4 37 699 102
1 2 1 700 0
1 0 1 700 3
1 10 -1 700 4
1 1 6 700 14
1 6 7 700 15
1 2 1 700 32
1 4 24 700 35
1 5 11 700 83
1 4 37 700 102
1 1 2 701 0
1 2 1 701 1
1 0 1 701 4
1 10 -1 701 5
1 1 6 701 15
1 6 7 701 16
1 2 1 701 33
1 4 24 701 36
1 5 11 701 84
1 4 35 701 103
1 5 2 702 0
1 2 3 702 12
1 4 12 702 34
1 5 2 703 0
1 2 3 703 12
1 4 12 703 34
1 5 2 704 0
1 2 3 704 12
1 4 12 704 34
1 6 10 705 0
1 1 6 705 16
1 6 7 705 17
1 2 1 705 34
1 4 24 705 37
1 5 11 705 85
1 4 35 705 104
1 6 10 706 0
1 1 6 706 16
1 6 7 706 17
1 2 1 706 34
1 4 24 706 37
1 5 11 706 85
1 4 35 706 104
1 2 3 707 11
1 4 12 707 33
1 0 1 708 0
1 6 10 708 1
1 1 6 708 17
1 6 7 708 18
1 2 1 708 35
1 4 24 708 38
1 5 11 708 86
1 4 34 708 105
1 1 0 709 0
1 0 1 709 1
1 6 10 709 2
1 1 6 709 18
1 6 7 709 19
1 2 1 709 36
1 4 24 709 39
1 5 11 709 87
1 4 30 709 106
1 1 1 709 140
1 1 1 710 0
1 1 2 710 1
1 2 4 710 2
1 2 3 710 9
1 4 12 710 31
1 3 6 711 0
1 1 6 711 19
1 6 7 711 20
1 2 1 711 37
1 4 24 711 40
1 5 11 711 88
1 4 30 711 107
1 1 2 712 0
1 2 4 712 1
1 2 3 712 8
1 4 12 712 30
1 5 11 713 91
1 4 30 713 110
1 2 4 714 0
1 2 3 714 7
1 4 12 714 29
1 0 2 715 0
1 5 11 715 92
1 4 30 715 111
1 0 2 716 0
1 5 11 716 92
1 4 30 716 111
1 2 3 717 6
1 4 12 717 28
1 1 0 718 0
1 0 2 718 1
1 5 11 718 93
1 4 29 718 112
1 1 0 719 0
1 0 2 719 1
1 5 11 719 93
1 4 29 719 112
1 1 0 720 0
1 0 2 720 1
1 5 11 720 93
1 4 29 720 112
1 5 11 721 94
1 4 27 721 113
1 5 11 722 94
1 4 27 722 113
1 2 3 723 4
1 4 12 723 26
1 0 1 724 2
1 2 3 724 3
1 4 12 724 25
1 3 0 725 0
1 5 11 725 95
1 4 27 725 114
1 5 11 726 96
1 4 26 726 115
1 1 0 727 0
1 0 1 727 1
1 2 3 727 2
1 4 12 727 24
1 5 11 728 97
1 4 24 728 116
1 2 7 729 2
1 5 11 729 98
1 4 24 729 117
1 2 7 730 2
1 5 11 730 98
1 4 24 730 117
1 2 3 731 0
1 4 12 731 22
1 0 2 732 0
1 2 7 732 3
1 5 11 732 99
1 4 23 732 118
1 0 2 733 0
1 2 7 733 3
1 5 11 733 99
1 4 23 733 118
1 2 7 734 4
1 5 11 734 100
1 4 22 734 119
1 2 7 735 4
1 5 11 735 100
1 4 22 735 119
1 2 7 736 4
1 5 11 736 100
1 4 22 736 119
1 2 7 737 4
1 5 11 737 100
1 4 22 737 119
1 4 12 738 21
1 4 12 739 21
1 4 12 740 21
1 2 7 741 5
1 5 11 741 101
1 4 21 741 120
1 2 7 742 5
1 5 11 742 101
1 4 21 742 120
1 2 7 743 7
1 5 11 743 103
1 4 19 743 122
1 16 -1 744 96
1 4 26 744 115
1 2 7 745 7
1 5 11 745 103
1 4 19 745 122
1 2 3 746 0
1 2 7 746 8
1 5 11 746 104
1 4 18 746 123
1 2 3 747 0
1 2 7 747 8
1 5 11 747 104
1 4 18 747 123
1 2 3 748 0
1 2 7 748 8
1 5 11 748 104
1 4 18 748 123
1 2 1 749 0
1 2 7 749 3
1 4 12 749 17
1 2 1 750 0
1 2 7 750 3
1 4 12 750 17
1 1 2 751 0
1 2 7 751 1
1 4 12 751 15
1 2 7 752 0
1 4 1 753 0
1 2 3 753 5
1 2 7 753 13
1 5 11 753 109
1 4 13 753 128
1 7 2 754 0
1 4 12 754 12
1 7 2 755 0
1 4 12 755 12
1 11 -1 756 0
1 2 7 756 13
1 5 11 756 109
1 4 12 756 128
1 11 -1 757 0
1 2 7 757 13
1 16 -1 757 109
1 4 12 757 128
1 2 7 758 14
1 5 11 758 110
1 4 11 758 129
1 2 7 759 14
1 5 11 759 110
1 4 11 759 129
1 0 2 760 0
1 2 7 760 15
1 5 11 760 111
1 4 10 760 130
1 2 7 761 16
1 4 9 761 131
1 2 7 762 17
1 5 11 762 113
1 4 6 762 132
1 3 0 763 0
1 2 7 763 18
1 5 11 763 114
1 4 6 763 133
1 3 0 764 0
1 2 7 764 18
1 5 11 764 114
1 4 6 764 133
1 3 0 765 0
1 2 7 765 18
1 5 11 765 114
1 4 6 765 133
1 3 0 766 0
1 2 7 766 18
1 5 11 766 114
1 4 6 766 133
1 1 2 767 0
1 2 0 767 1
1 4 12 767 6
1 4 12 768 4
1 1 2 769 0
1 2 3 769 1
1 2 7 769 21
1 5 11 769 117
1 4 4 769 136
1 0 2 770 0
1 4 12 770 3
1 2 7 771 22
1 5 11 771 118
1 4 3 771 137
1 2 7 772 22
1 5 11 772 118
1 4 3 772 137
1 8 0 773 0
1 2 7 773 23
1 5 11 773 119
1 8 0 774 0
1 2 7 774 23
1 5 11 774 119
1 2 7 775 24
1 5 11 775 120
1 2 7 776 24
1 5 11 776 120
1 10 0 777 0
1 2 7 777 25
1 5 11 777 121
1 10 0 778 0
1 2 7 778 25
1 5 11 778 121
1 10 0 779 0
1 2 7 779 25
1 5 11 779 121
1 10 0 780 0
1 2 7 780 25
1 5 11 780 121
1 0 1 781 0
1 4 3 781 1
1 2 7 781 26
1 5 11 781 122
1 1 0 782 0
1 0 1 782 1
1 4 3 782 2
1 2 7 782 27
1 5 11 782 123
1 4 3 784 3
1 2 7 784 28
1 5 11 784 124
1 5 11 785 127
1 1 1 785 143
1 5 11 786 127
1 1 1 786 143
1 1 9 787 0
1 9 0 787 1
1 1 9 788 0
1 9 0 788 1
1 0 2 789 0
1 5 11 789 128
1 9 0 790 0
1 16 -1 791 128
1 0 4 792 6
1 5 11 793 129
1 5 7 796 134
1 3 0 797 0
1 3 0 798 0
1 5 5 799 135
1 3 4 800 0
1 5 5 800 135
1 1 3 801 0
1 3 4 801 1
1 5 5 801 136
1 8 0 802 0
1 5 5 802 136
1 4 0 803 0
1 9 6 803 7
1 12 -1 803 132
1 8 0 804 0
1 5 5 804 136
1 1 0 805 0
1 0 2 805 1
1 0 2 806 0
1 2 8 807 0
1 5 3 807 138
1 2 9 808 0
1 2 9 809 0
1 2 9 810 0
1 2 4 811 0
1 2 4 812 0
1 8 -1 813 137
1 0 1 814 2
1 1 11 814 3
1 11 -1 814 4
1 1 1 815 0
1 1 0 815 1
1 0 2 815 2
1 1 1 816 0
1 1 0 816 1
1 0 2 816 2
1 1 1 817 0
1 1 1 817 1
1 1 1 817 2
1 1 0 817 3
1 0 2 817 4
1 1 4 818 0
1 4 1 818 1
1 4 2 818 6
1 1 4 819 0
1 4 1 819 1
1 4 2 819 6
1 2 1 820 0
1 1 1 820 3
1 1 1 820 4
1 1 0 820 5
1 0 2 820 6
1 2 1 821 0
1 1 1 821 3
1 1 1 821 4
1 1 0 821 5
1 0 2 821 6
1 2 1 822 0
1 1 1 822 3
1 1 1 822 4
1 1 0 822 5
1 0 2 822 6
1 4 2 823 4
1 6 0 825 3
1 4 2 826 3
1 4 2 827 0
1 4 2 828 0
1 0 2 829 0
1 1 0 830 0
1 0 2 830 1
1 1 0 831 0
1 0 1 831 1
1 3 8 831 2
1 6 8 832 0
1 1 2 834 0
1 2 0 834 1
1 2 0 836 0
1 2 0 837 0
1 1 2 844 0
1 2 4 844 1
1 1 2 845 0
1 2 4 845 1
1 2 4 846 2
1 2 1 850 0
1 2 4 850 3
1 9 2 854 0
1 16 -1 855 0
1 2 2 857 0
1 1 3 857 14
1 3 0 857 15
1 1 2 858 0
1 2 3 858 1
1 1 3 859 13
1 3 0 859 14
1 1 3 860 13
1 3 0 860 14
1 1 3 861 13
1 3 0 861 14
1 2 3 862 2
1 2 9 863 0
1 1 3 863 12
1 3 0 863 13
1 1 0 864 0
1 0 2 864 1
1 2 3 864 4
1 9 1 865 0
1 1 3 865 10
1 3 0 865 11
1 1 3 866 9
1 3 0 866 10
1 1 3 867 9
1 3 0 867 10
1 1 3 868 9
1 3 0 868 10
1 2 3 869 6
1 2 3 870 6
1 1 3 871 8
1 3 0 871 9
1 1 4 872 0
1 4 0 872 1
1 2 3 872 8
1 1 4 873 0
1 4 0 873 1
1 2 3 873 8
1 1 3 874 6
1 3 0 874 7
1 1 1 874 143
1 1 3 876 3
1 3 0 876 4
1 1 3 877 2
1 3 0 877 3
1 7 4 878 0
1 2 3 878 14
1 1 3 879 0
1 3 0 879 1
1 1 7 880 0
1 7 4 880 1
1 2 3 880 15
1 3 0 881 0
1 3 0 882 0
1 4 2 884 0
1 2 3 884 16
1 0 2 885 0
1 1 0 886 0
1 0 2 886 1
1 1 11 887 4
1 11 -1 887 5
1 1 11 888 4
1 11 -1 888 5
1 1 11 889 4
1 11 -1 889 5
1 1 1 890 0
1 1 0 890 1
1 0 1 890 2
1 1 11 890 3
1 11 -1 890 4
1 1 3 891 0
1 3 0 891 1
1 1 3 892 0
1 3 0 892 1
1 0 1 893 0
1 1 11 893 1
1 11 -1 893 2
1 0 1 894 0
1 1 11 894 1
1 11 -1 894 2
1 0 1 895 0
1 1 11 895 1
1 11 -1 895 2
1 1 1 896 0
1 1 3 896 1
1 3 0 896 2
1 3 0 900 4
1 2 1 901 0
1 3 4 901 3
1 3 0 902 5
1 1 4 903 0
1 4 4 903 1
1 3 4 904 2
1 5 1 905 0
1 3 0 905 6
1 1 3 906 0
1 3 4 906 1
1 1 5 907 0
1 5 1 907 1
1 3 0 907 7
1 1 1 908 0
1 1 5 908 1
1 5 1 908 2
1 3 0 908 8
1 1 1 909 0
1 1 5 909 1
1 5 1 909 2
1 3 0 909 8
1 3 0 910 9
1 3 0 911 9
1 3 0 912 10
1 4 0 913 0
1 3 0 914 11
1 5 12 915 0
1 0 3 916 0
1 0 1 928 0
1 4 1 928 1
1 8 -1 928 6
1 7 5 931 0
1 0 3 932 0
1 5 5 933 0
1 5 5 934 0
1 1 1 941 0
1 1 5 941 1
1 5 0 941 2
1 0 6 946 0
1 0 6 947 0
1 1 0 948 0
1 0 6 948 1
1 1 0 949 0
1 0 6 949 1
1 1 0 950 0
1 0 6 950 1
1 0 3 952 0
1 6 0 956 0
1 2 7 963 0
1 1 2 968 0
1 2 10 968 1
1 1 2 969 0
1 2 10 969 1
1 3 0 971 0
1 3 0 972 0
1 5 10 973 0
1 1 0 975 0
1 0 2 975 1
1 0 2 976 0
1 0 2 977 0
1 1 5 978 2
1 5 10 978 3
1 1 5 979 2
1 5 10 979 3
1 2 1 982 0
1 1 5 982 3
1 5 10 982 4
1 1 2 983 0
1 2 1 983 1
1 1 5 983 4
1 5 10 983 5
1 1 2 984 0
1 2 1 984 1
1 1 5 984 4
1 5 10 984 5
1 1 1 985 0
1 1 2 985 1
1 2 1 985 2
1 1 5 985 5
1 5 10 985 6
1 1 1 986 0
1 1 2 986 1
1 2 1 986 2
1 1 5 986 5
1 5 10 986 6
1 4 29 987 10
1 4 24 988 9
1 4 24 989 9
1 6 0 990 0
1 4 24 990 7
1 4 29 991 6
1 4 24 992 6
1 0 1 993 0
1 2 2 993 1
1 3 0 994 0
1 4 24 994 4
1 3 0 995 0
1 4 29 995 4
1 3 0 996 0
1 4 9 996 4
1 1 0 997 0
1 0 1 997 1
1 2 2 997 2
1 4 29 998 3
1 1 0 999 0
1 0 1 999 1
1 4 29 999 2
1 3 0 1000 0
1 2 2 1000 4
1 0 1 1001 0
1 4 24 1001 1
1 0 1 1002 0
1 4 24 1002 1
1 0 1 1003 0
1 4 29 1003 1
1 0 1 1004 0
1 4 24 1004 1
1 2 2 1005 5
1 2 2 1006 5
1 2 2 1007 7
1 1 3 1008 0
1 3 3 1008 1
1 3 2 1008 8
1 1 5 1008 24
1 5 6 1008 25
1 1 3 1009 0
1 3 3 1009 1
1 3 7 1009 8
1 1 5 1009 24
1 5 6 1009 25
1 1 3 1010 0
1 3 3 1010 1
1 3 7 1010 8
1 1 11 1010 24
1 11 -1 1010 25
1 2 2 1011 0
1 3 7 1012 6
1 1 11 1012 22
1 11 -1 1012 23
1 0 2 1014 0
1 0 2 1015 0
1 3 0 1016 0
1 3 7 1016 4
1 1 5 1016 20
1 5 6 1016 21
1 3 0 1017 0
1 3 7 1017 4
1 1 11 1017 20
1 11 -1 1017 21
1 3 7 1018 3
1 1 5 1018 19
1 5 6 1018 20
1 2 0 1019 0
1 1 0 1020 0
1 0 1 1020 1
1 3 7 1020 2
1 1 5 1020 18
1 5 6 1020 19
1 1 0 1021 0
1 0 1 1021 1
1 3 7 1021 2
1 1 11 1021 18
1 11 -1 1021 19
1 1 2 1022 0
1 2 0 1022 1
1 3 7 1023 0
1 1 11 1023 16
1 11 -1 1023 17
1 1 5 1025 14
1 5 6 1025 15
1 5 2 1026 0
1 5 2 1027 0
1 5 2 1028 0
1 2 2 1030 0
1 1 5 1030 13
1 5 6 1030 14
1 1 11 1031 12
1 11 -1 1031 13
1 1 5 1032 12
1 5 6 1032 13
1 10 2 1035 0
1 1 10 1036 0
1 10 2 1036 1
1 1 11 1037 8
1 11 -1 1037 9
1 1 5 1038 8
1 5 6 1038 9
1 1 11 1039 8
1 11 -1 1039 9
1 1 5 1041 7
1 5 6 1041 8
1 1 4 1042 0
1 4 0 1042 1
1 1 11 1042 6
1 11 -1 1042 7
1 4 0 1046 0
1 1 11 1046 5
1 11 -1 1046 6
1 5 10 1047 0
1 1 5 1048 4
1 5 6 1048 5
1 1 0 1049 0
1 0 1 1049 1
1 2 3 1049 2
1 2 0 1050 0
1 1 11 1050 3
1 11 -1 1050 4
1 2 0 1051 0
1 1 5 1051 3
1 5 6 1051 4
1 1 1 1052 0
1 1 5 1052 1
1 5 10 1052 2
1 1 5 1053 2
1 5 6 1053 3
1 4 2 1054 0
1 0 1 1055 0
1 1 5 1055 1
1 5 6 1055 2
1 1 5 1056 0
1 5 6 1056 1
1 9 2 1057 2
1 1 1 1057 143
1 1 1 1058 0
1 1 0 1058 1
1 0 1 1058 2
1 4 2 1058 3
1 1 9 1059 0
1 9 2 1059 1
1 4 2 1060 4
1 4 2 1061 4
1 4 2 1062 5
1 4 2 1063 5
1 1 1 1064 6
1 1 2 1064 7
1 2 0 1064 8
1 2 0 1065 0
1 1 11 1065 3
1 11 -1 1065 4
1 1 2 1066 0
1 2 4 1066 1
1 1 1 1066 8
1 1 2 1066 9
1 2 0 1066 10
1 4 2 1067 0
1 4 2 1068 0
1 1 0 1069 0
1 0 1 1069 1
1 4 2 1069 2
1 1 5 1070 0
1 5 0 1070 1
1 4 2 1070 7
1 0 1 1071 0
1 4 2 1071 1
1 1 1 1072 4
1 1 2 1072 5
1 2 0 1072 6
1 2 0 1073 3
1 1 1 1074 4
1 1 2 1074 5
1 2 0 1074 6
1 1 5 1075 0
1 5 10 1075 1
1 1 1 1076 0
1 1 1 1076 1
1 1 1 1076 2
1 1 2 1076 3
1 2 0 1076 4
1 1 1 1077 0
1 1 1 1077 1
1 1 1 1077 2
1 1 2 1077 3
1 2 0 1077 4
1 4 2 1078 11
1 1 2 1080 0
1 2 0 1080 1
1 1 2 1081 0
1 2 0 1081 1
1 0 2 1082 0
1 1 0 1083 0
1 0 2 1083 1
1 1 0 1084 0
1 0 2 1084 1
1 1 0 1085 0
1 0 2 1085 1
1 1 0 1086 0
1 0 2 1086 1
1 2 1 1088 0
1 1 0 1088 3
1 0 2 1088 4
1 4 3 1089 0
1 4 3 1090 0
1 1 4 1091 0
1 4 3 1091 1
1 1 0 1092 4
1 0 2 1092 5
1 1 0 1093 5
1 0 2 1093 6
1 1 1 1094 144
1 1 0 1095 9
1 0 2 1095 10
1 14 20 1095 84
1 1 0 1096 10
1 0 2 1096 11
1 1 3 1097 0
1 3 8 1097 1
1 1 3 1098 0
1 3 8 1098 1
1 1 11 1099 0
1 11 -1 1099 1
1 3 8 1100 0
1 0 1 1101 0
1 1 11 1101 1
1 11 -1 1101 2
1 0 1 1102 0
1 1 11 1102 1
1 11 -1 1102 2
1 1 8 1106 0
1 8 4 1106 1
1 8 4 1107 0
1 1 11 1108 4
1 11 -1 1108 5
1 0 2 1112 0
1 4 44 1112 3
