21 5 33 176 28
21 5 33 177 27
21 5 33 181 25
21 5 33 182 25
21 5 33 183 23
21 5 33 184 23
21 5 33 185 23
21 5 33 189 21
21 5 33 194 19
21 5 33 196 17
21 5 33 197 16
21 5 33 199 15
21 5 33 201 14
21 5 33 204 13
21 5 33 205 12
21 -1 1 243 124
21 -1 1 843 126
21 -1 4 988 54
21 -1 4 989 54
21 -1 4 990 52
21 -1 4 992 51
21 -1 4 994 49
21 -1 4 996 49
21 -1 4 1001 46
21 -1 4 1002 46
21 -1 4 1004 46
21 -1 4 1010 42
21 -1 4 1012 40
21 -1 4 1017 38
21 -1 4 1021 36
21 -1 4 1023 34
21 -1 4 1031 30
21 -1 4 1037 26
21 -1 4 1039 26
21 -1 4 1042 24
21 -1 4 1046 23
21 -1 3 1050 21
21 -1 4 1064 15
21 -1 4 1065 21
21 -1 4 1066 17
21 -1 4 1074 13
21 -1 4 1076 11
21 -1 4 1080 8
21 -1 4 1087 4
