1 148
2 148
3 1 2 31 80 3 3 3 3 3 3 16
4 148
5 148
6 148
7 4 31 80 3 3 3 3 3 3 15
8 4 31 80 3 3 3 3 3 3 15
9 35 16 42 55
10 35 16 42 55
11 1 1 4 31 80 3 3 3 3 3 3 13
12 1 30 2 16 42 56 1
13 30 2 16 42 56 1 1
14 1 1 1 1 4 31 80 3 3 3 3 3 3 11
15 1 2 26 2 16 42 59
16 5 4 31 80 3 3 3 3 3 3 10
17 41 80 3 3 3 3 3 3 9
18 1 26 2 16 42 61
19 1 26 2 16 42 60 1
20 1 26 2 16 42 60 1
21 1 41 80 3 3 3 3 3 3 7 1
22 26 2 16 42 62
23 25 2 16 42 62 1
24 25 122 1
25 1 2 41 80 3 3 3 3 3 3 6
26 4 41 80 3 3 3 3 3 3 1 1 1 1 1
27 5 41 80 3 3 3 3 3 3 1 1 1 1
28 1 1 1 3 3 3 3 3 3 1 2 16 42 66
29 1 5 41 80 3 3 3 3 3 3 1 1 1
30 1 3 3 3 3 3 3 1 2 16 42 68
31 1 3 3 3 3 3 3 1 2 16 42 68
32 3 3 3 3 3 3 1 2 16 42 69
33 1 1 2 5 41 80 3 3 3 3 3 3
34 1 1 3 3 3 3 3 1 2 16 42 70
35 1 1 3 3 3 3 3 1 2 16 42 70
36 1 1 1 2 5 41 80 3 3 3 3 3 1 1
37 4 2 5 41 80 3 3 3 3 3 1
38 4 2 5 41 80 3 3 3 3 3 1
39 1 3 3 3 3 1 2 16 42 73 1
40 3 3 3 3 1 2 16 42 75
41 1 1 3 3 3 1 2 16 42 76
42 1 3 1 1 4 2 5 41 80 3 3 3 1
43 3 3 3 1 2 16 42 78
44 1 1 3 3 1 2 16 42 78 1
45 1 1 3 3 1 2 16 42 78 1
46 1 3 3 1 2 16 42 80
47 1 3 3 1 2 16 42 80
48 2 2 3 1 1 4 2 5 41 80 3 3 1
49 3 3 1 2 16 42 81
50 1 1 3 1 2 16 42 82
51 9 1 1 4 2 5 41 80 3 1 1
52 1 9 1 1 4 2 5 41 80 3 1
53 3 1 2 16 42 84
54 3 1 2 16 42 84
55 13 4 2 5 41 80 3
56 1 1 1 2 16 42 85
57 1 13 4 2 5 41 80 1 1
58 26 41 80 1
59 26 41 80 1
60 26 41 80 1
61 1 2 16 42 86 1
62 1 26 41 80
63 1 26 41 80
64 1 1 26 41 79
65 1 16 42 89
66 1 16 42 89
67 3 26 41 78
68 1 3 26 41 77
69 1 1 3 26 41 76
70 1 1 3 26 41 76
71 8 6 42 92
72 8 6 42 92
73 6 26 41 75
74 1 6 6 42 93
75 1 6 6 42 93
76 6 48 94
77 1 74 73
78 1 74 73
79 2 2 1 6 42 95
80 2 2 1 6 42 95
81 2 74 72
82 2 74 21 51
83 2 74 72
84 2 74 72
85 2 1 6 42 97
86 2 1 6 42 97
87 2 2 74 70
88 2 2 74 70
89 148
90 148
91 6 42 100
92 6 42 100
93 5 42 101
94 1 3 42 101 1
95 144 4
96 1 1 42 104
97 1 1 42 104
98 1 1 42 104
99 3 144 1
100 3 144 1
101 1 3 144
102 1 3 144
103 42 104 1 1
104 1 1 3 143
105 1 40 104 1 1 1
106 1 1 3 143
107 1 1 1 3 142
108 1 1 1 3 142
109 1 1 1 3 142
110 4 3 141
111 4 3 141
112 2 4 3 139
113 1 2 2 3 140
114 1 31 5 104 6 1
115 1 2 4 3 138
116 31 5 104 8
117 31 5 104 8
118 1 1 4 24 5 104 9
119 9 3 136
120 9 3 136
121 9 3 136
122 10 3 135
123 1 1 1 24 5 104 12
124 16 132
125 1 1 3 143
126 1 24 5 104 14
127 1 16 131
128 1 1 16 130
129 3 16 129
130 1 1 19 5 104 17 1
131 1 1 3 16 127
132 1 19 5 104 19
133 3 3 16 126
134 8 16 124
135 8 16 124
136 8 16 124
137 9 16 122 1
138 1 1 3 16 127
139 9 16 122 1
140 1 1 1 3 10 5 104 22 1
141 1 1 3 10 5 103 25
142 2 9 16 121
143 2 9 16 121
144 1 2 9 16 120
145 1 2 9 16 120
146 3 10 5 104 26
147 1 1 1 2 9 16 117 1
148 4 2 9 16 117
149 4 2 9 16 117
150 10 5 104 29
151 10 5 104 29
152 7 9 16 116
153 7 9 16 116
154 2 5 1 5 104 31
155 5 1 5 104 33
156 1 1 2 1 5 104 34
157 1 1 2 1 5 104 34
158 1 2 1 5 104 35
159 1 12 9 16 110
160 2 1 5 104 36
161 1 1 5 104 37
162 1 1 5 104 37
163 1 5 104 37 1
164 1 5 104 37 1
165 1 1 2 12 9 16 107
166 1 1 2 12 9 16 107
167 5 104 37 1 1
168 3 1 104 37 1 1 1
169 1 1 1 1 2 12 9 16 105
170 6 2 12 9 16 103
171 1 104 37 6
172 1 104 37 6
173 9 2 12 9 16 100
174 1 9 2 12 9 16 99
175 1 9 2 12 9 16 99
176 5 11 1 84 37 9 1
177 1 3 11 1 84 37 11
178 1 3 9 2 12 9 16 96
179 1 3 9 2 12 9 16 96
180 1 3 9 2 12 9 16 96
181 1 1 11 1 84 37 13
182 1 1 11 1 84 37 13
183 11 1 84 37 14 1
184 2 8 1 84 37 14 1 1
185 2 8 1 84 37 14 1 1
186 1 1 1 14 2 12 9 16 92
187 1 1 1 1 14 2 12 9 16 90 1
188 1 1 1 1 14 2 12 9 16 90 1
189 8 1 84 37 18
190 5 14 2 12 9 16 90
191 5 14 2 12 9 16 90
192 5 14 2 12 9 16 90
193 5 14 2 12 9 16 90
194 1 5 1 84 37 19 1
195 8 14 2 12 9 16 87
196 4 1 84 37 22
197 3 1 84 37 23
198 1 1 8 14 2 12 9 16 85
199 1 1 1 84 37 24
200 3 8 14 2 12 9 16 82 1 1
201 1 1 84 37 25
202 1 3 8 14 2 12 9 16 82 1
203 1 3 8 14 2 12 9 16 82 1
204 1 84 37 26
205 84 37 27
206 14 14 2 12 9 16 81
207 4 21 58 37 28
208 4 21 58 37 28
209 1 14 14 2 12 9 16 80
210 1 2 21 58 37 29
211 1 21 58 37 31
212 18 14 2 12 9 16 77
213 1 47 9 16 75
214 47 9 16 76
215 47 9 16 76
216 1 47 9 16 75
217 47 9 16 76
218 1 2 4 3 1 8 58 37 34
219 1 2 4 3 1 8 58 37 34
220 2 4 3 1 8 58 37 35
221 1 1 1 47 9 16 73
222 5 47 9 16 71
223 1 5 47 9 16 70
224 3 1 8 58 37 40 1
225 3 1 8 58 37 40 1
226 2 1 8 58 37 40 1 1
227 1 1 8 58 37 40 1 1 1
228 1 1 8 58 37 40 1 1 1
229 1 1 8 58 37 40 1 1 1
230 1 1 1 1 1 1 5 47 9 16 64 1
231 13 47 9 16 63
232 1 3 1 1 1 58 37 46
233 1 13 47 9 16 62
234 1 13 47 9 16 62
235 1 1 13 47 9 16 61
236 1 1 1 1 58 37 49
237 1 1 1 1 58 37 49
238 3 13 47 9 16 60
239 1 1 3 13 47 9 16 58
240 1 1 58 37 51
241 1 1 1 1 1 1 5 47 9 16 65
242 19 47 9 16 57
243 1 58 37 51 1
244 3 6 30 18 37 54
245 1 6 30 18 37 56
246 1 6 30 18 37 56
247 1 2 22 47 9 16 51
248 4 22 47 9 16 50
249 4 30 18 37 59
250 1 5 22 47 9 16 47 1
251 1 1 30 18 37 61
252 2 5 22 47 9 16 47
253 3 44 37 63 1
254 1 1 8 22 47 9 16 44
255 1 1 16 10 18 37 65
256 2 1 8 22 47 9 16 41 1 1
257 1 16 10 18 37 66
258 1 16 10 18 37 66
259 1 2 1 8 22 47 9 16 41 1
260 12 1 1 1 13 6 114
261 1 1 2 1 8 22 47 9 16 41
262 1 1 2 1 8 22 47 9 16 41
263 1 11 3 10 18 37 67 1
264 1 1 2 4 1 1 3 10 18 37 70
265 1 1 2 4 1 1 3 10 18 37 70
266 1 1 2 4 1 1 3 10 18 37 70
267 1 1 2 4 1 1 3 10 18 37 70
268 1 2 4 1 1 3 10 18 37 70 1
269 2 4 1 1 3 10 18 37 72
270 2 3 1 1 2 1 8 22 47 9 16 36
271 2 3 1 1 2 1 8 22 47 9 16 36
272 1 5 22 47 9 64
273 1 4 1 1 3 10 18 37 72 1
274 1 4 1 1 3 10 18 37 72 1
275 1 2 3 1 1 2 1 8 22 47 9 16 35
276 4 1 1 3 10 18 37 74
277 4 1 1 3 10 18 37 74
278 3 1 1 3 10 18 37 75
279 3 1 1 3 10 18 37 75
280 5 3 1 1 2 1 8 22 47 9 16 33
281 2 1 1 3 10 18 37 76
282 14 8 22 47 9 16 32
283 14 8 22 47 9 16 32
284 1 1 1 3 10 18 37 77
285 1 3 10 18 37 79
286 1 3 10 18 37 79
287 1 3 10 18 37 79
288 1 3 10 18 37 79
289 1 3 10 18 37 79
290 3 10 18 37 80
291 3 10 18 37 80
292 1 1 1 1 14 8 22 47 9 16 28
293 1 19 8 22 47 9 16 26
294 1 2 2 2 5 22 47 25 41 1
295 1 19 8 22 47 9 16 26
296 1 19 8 22 47 9 16 26
297 10 18 37 81 1 1
298 8 18 37 81 4
299 4 19 8 22 47 9 16 23
300 5 19 8 22 47 9 16 22
301 5 19 8 22 47 9 16 22
302 5 19 8 22 47 9 16 22
303 4 19 8 22 47 9 16 23
304 1 1 4 18 37 81 5 1
305 1 5 19 8 22 47 9 16 21
306 1 5 19 8 22 47 9 16 21
307 1 4 18 37 81 7
308 1 2 18 37 81 9
309 2 18 37 81 10
310 1 18 37 81 11
311 1 18 37 81 11
312 1 18 37 81 11
313 14 3 37 81 13
314 1 3 28 8 22 47 9 16 14
315 1 3 28 8 22 47 9 16 14
316 33 8 22 47 9 16 12 1
317 33 8 22 47 9 16 12 1
318 5 6 3 37 81 16
319 1 1 2 5 4 37 81 16 1
320 1 1 2 6 3 37 81 16 1
321 1 121 16 8 1 1
322 1 2 6 3 37 81 18
323 2 121 16 8 1
324 1 2 121 16 8
325 1 2 121 16 8
326 1 6 3 37 81 20
327 4 121 16 6 1
328 1 1 1 1 1 3 37 81 21 1
329 1 1 4 121 16 1 1 1 1 1
330 1 1 4 121 16 1 1 1 1 1
331 1 1 1 1 3 37 81 23
332 1 1 3 37 81 24 1
333 1 1 3 37 81 24 1
334 1 3 1 4 121 16 1 1
335 1 1 3 37 81 24 1
336 1 1 3 1 4 121 16 1
337 3 37 81 24 1 1 1
338 1 37 81 29
339 1 37 81 29
340 36 81 30 1
341 1 1 13 121 12
342 1 1 13 121 12
343 2 33 81 32
344 2 33 81 32
345 2 1 13 121 11
346 2 1 13 121 11
347 1 33 81 33
348 1 3 1 13 35 8 22 47 9 9
349 1 16 15 81 35
350 19 121 8
351 6 1 8 15 81 37
352 21 121 6
353 21 121 6
354 1 21 121 5
355 4 1 8 15 81 38 1
356 4 1 8 15 81 38 1
357 1 1 1 1 8 15 81 40
358 1 1 1 8 15 81 40 1
359 1 1 2 1 21 121 1
360 1 8 15 81 43
361 1 8 15 81 43
362 3 2 1 21 121
363 8 15 81 44
364 1 5 15 81 45 1
365 1 5 15 81 45 1
366 1 5 15 81 45 1
367 1 5 15 81 45 1
368 1 7 1 21 118
369 5 15 81 45 1 1
370 5 15 81 45 1 1
371 5 15 81 45 1 1
372 5 15 81 45 1 1
373 5 15 81 45 1 1
374 1 1 7 1 21 117
375 1 3 15 81 48
376 1 3 15 81 48
377 1 3 15 81 48
378 3 7 1 21 115 1
379 1 1 15 81 50
380 2 3 7 1 21 112 1 1
381 15 81 51 1
382 15 81 51 1
383 15 81 51 1
384 15 81 51 1
385 15 81 51 1
386 1 8 7 1 21 110
387 1 1 8 7 1 21 109
388 1 1 8 7 1 21 109
389 11 81 56
390 11 81 56
391 11 81 56
392 11 81 56
393 11 81 56
394 2 1 8 7 1 21 108
395 2 1 8 7 1 21 108
396 1 5 2 1 81 58
397 1 5 2 1 81 58
398 1 5 2 1 81 58
399 1 3 2 1 81 60
400 1 1 23 21 102
401 1 1 23 21 102
402 1 3 23 21 100
403 1 1 81 63 1 1
404 1 81 66
405 1 3 3 23 21 97
406 1 3 3 23 21 97
407 1 1 7 1 8 14 48 68
408 13 26 41 68
409 12 26 41 68 1
410 12 26 41 68 1
411 10 23 21 94
412 1 4 5 26 41 71
413 1 10 23 21 92 1
414 4 5 26 41 72
415 35 21 92
416 57 91
417 57 91
418 1 1 5 26 41 74
419 2 57 89
420 2 57 89
421 5 26 41 76
422 5 26 41 76
423 1 1 2 57 86 1
424 3 2 57 86
425 25 41 82
426 9 57 82
427 9 57 82
428 3 21 41 82 1
429 2 9 57 79 1
430 2 9 57 79 1
431 1 21 41 85
432 21 41 86
433 1 4 9 57 76 1
434 1 4 9 57 76 1
435 1 4 9 57 76 1
436 1 1 4 9 57 76
437 3 4 9 57 75
438 1 10 3 1 1 1 41 90
439 1 10 3 1 1 1 41 90
440 4 4 9 57 74
441 1 4 4 9 57 73
442 1 4 4 9 57 73
443 3 6 3 1 1 1 41 91 1
444 1 1 4 4 9 57 72
445 1 1 6 3 1 1 1 41 93
446 5 3 1 1 1 41 96
447 23 57 68
448 1 1 1 1 3 1 1 1 41 97
449 1 1 1 1 3 1 1 1 41 97
450 1 23 57 65 1 1
451 1 1 3 1 1 1 41 99
452 1 1 3 1 1 1 41 99
453 1 3 1 1 1 41 99 1
454 5 23 57 63
455 5 23 57 63
456 5 23 57 63
457 29 57 62
458 1 28 57 62
459 29 57 62
460 1 29 57 60 1
461 1 29 57 60 1
462 2 29 57 60
463 1 2 29 57 59
464 40 108
465 40 108
466 1 1 2 2 29 57 56
467 12 16 11 109
468 7 29 57 55
469 7 29 57 55
470 1 1 5 3 16 11 111
471 10 29 57 52
472 5 3 16 11 113
473 5 3 16 11 113
474 40 57 51
475 1 3 3 16 11 114
476 98 49 1
477 98 49 1
478 3 3 16 11 115
479 3 3 16 11 115
480 2 3 16 11 116
481 3 16 11 117 1
482 3 16 11 117 1
483 1 3 98 46
484 1 1 16 11 119
485 1 16 11 120
486 16 11 121
487 7 4 3 11 123
488 2 1 3 3 98 41
489 8 3 98 39
490 8 3 98 39
491 8 3 98 39
492 98 50
493 4 4 3 11 126
494 2 1 4 3 11 127
495 1 11 3 98 35
496 1 11 3 98 35
497 16 98 34
498 1 16 98 33
499 1 1 3 11 132
500 1 1 16 98 32
501 1 1 11 135
502 1 2 1 16 98 30
503 11 137
504 7 16 98 27
505 24 98 26
506 9 139
507 1 24 98 25
508 4 3 140 1
509 1 1 1 24 98 23
510 2 1 1 24 98 21 1
511 1 1 3 142 1
512 1 1 3 142 1
513 1 2 1 1 24 98 21
514 1 2 1 1 24 98 21
515 1 3 142 1 1
516 1 3 142 1 1
517 8 24 98 18
518 8 24 98 18
519 1 147
520 1 8 24 98 16 1
521 3 8 24 98 15
522 12 24 98 14
523 1 1 11 8 127
524 1 1 11 8 127
525 1 11 8 128
526 148
527 148
528 11 8 129
529 1 2 7 8 130
530 37 98 13
531 3 145
532 7 8 133
533 1 4 143
534 6 8 134
535 1 4 143
536 1 4 8 135
537 1 1 1 8 137
538 1 1 1 8 137
539 1 2 2 4 136 1 1 1
540 1 1 8 137 1
541 1 8 137 1 1
542 1 1 1 2 2 4 136 1
543 1 1 1 2 2 4 136 1
544 1 1 1 2 2 4 136 1
545 8 140
546 8 140
547 3 1 2 2 4 136
548 1 3 3 141
549 4 1 2 2 4 135
550 6 2 2 4 134
551 6 2 2 4 134
552 1 1 6 2 2 4 132
553 1 1 6 2 2 4 132
554 1 1 6 2 2 4 132
555 3 6 2 2 4 131
556 19 129
557 19 129
558 1 19 128
559 1 19 128
560 1 19 128
561 136 12
562 1 1 8 2 5 116 15
563 1 1 8 2 5 116 15
564 1 4 19 123 1
565 1 4 19 123 1
566 3 4 19 122
567 1 1 5 2 5 116 18
568 1 3 4 19 121
569 1 1 3 4 19 120
570 1 3 2 5 116 21
571 4 3 4 19 117 1
572 4 3 4 19 117 1
573 3 2 5 116 21 1
574 3 2 5 116 21 1
575 1 1 4 3 4 19 115 1
576 1 1 4 3 4 19 115 1
577 2 5 116 21 1 1 1 1
578 2 5 116 21 1 1 1 1
579 1 1 1 1 4 3 4 19 114
580 1 5 116 21 5
581 1 5 116 21 5
582 5 4 3 4 19 113
583 5 116 21 5 1
584 1 1 116 21 9
585 1 1 116 21 9
586 1 8 4 3 4 19 109
587 116 21 11
588 1 15 3 4 19 106
589 1 15 3 4 19 106
590 6 9 98 21 14
591 6 9 98 21 14
592 6 9 98 21 14
593 1 24 19 104
594 1 1 3 9 98 21 15
595 1 3 9 98 21 16
596 1 3 9 98 21 16
597 1 3 9 98 21 16
598 1 26 19 102
599 5 26 19 98
600 5 26 19 98
601 1 5 26 19 97
602 1 5 26 19 97
603 7 98 21 22
604 7 98 21 22
605 7 98 21 22
606 1 1 5 26 19 96
607 1 1 1 5 26 19 95
608 1 1 1 5 26 19 95
609 2 1 2 98 21 24
610 2 1 2 98 21 24
611 9 26 19 94
612 1 1 2 98 21 25
613 1 9 26 19 92 1
614 1 9 27 14 4 92 1
615 1 2 98 21 26
616 98 21 29
617 53 4 19 2 19 21 29 1
618 1 10 15 26 4 19 2 19 21 29 1 1
619 1 10 15 26 4 19 2 19 21 29 1 1
620 1 10 15 26 4 19 2 19 21 29 1 1
621 1 1 5 9 26 19 87
622 1 1 5 9 26 19 87
623 1 1 5 9 26 19 87
624 1 8 15 26 4 19 2 19 21 33
625 1 8 15 26 4 19 2 19 21 33
626 8 15 26 4 19 2 19 21 34
627 8 15 26 4 19 2 19 21 34
628 1 1 3 5 9 26 19 84
629 1 3 2 1 15 26 4 19 2 19 21 34 1
630 1 3 2 1 15 26 4 19 2 19 21 34 1
631 1 3 2 1 15 26 4 19 2 19 21 34 1
632 1 1 2 1 15 26 4 19 2 19 21 37
633 1 1 15 26 4 19 2 19 21 40
634 1 1 15 26 4 19 2 19 21 40
635 1 50 19 77 1
636 1 15 26 4 19 2 19 21 40 1
637 1 1 50 19 77
638 2 1 100 37 8
639 2 1 50 19 76
640 1 3 5 4 26 4 19 2 40 42 1 1
641 1 3 5 4 26 4 19 2 19 21 43 1
642 3 5 4 26 4 19 2 19 21 45
643 1 1 5 4 26 4 19 2 19 21 46
644 1 5 4 26 4 19 2 19 21 47
645 1 5 4 26 4 19 2 19 21 47
646 1 1 2 4 50 19 70 1
647 1 1 2 4 50 19 70 1
648 5 4 26 4 19 2 19 21 47 1
649 1 1 1 2 4 50 19 70
650 1 2 1 4 26 4 19 2 19 21 47 1 1
651 2 1 4 26 4 19 2 19 21 47 1 1 1
652 1 1 4 26 4 19 2 19 21 51
653 1 6 2 4 50 19 66
654 1 6 2 4 50 19 66
655 2 6 2 4 50 19 65
656 1 2 6 3 2 1 50 19 64
657 1 2 6 2 4 50 15 4 64
658 1 2 2 6 2 4 50 19 62
659 26 4 19 2 19 21 57
660 1 6 5 13 4 19 2 19 21 58
661 15 4 50 19 60
662 1 15 4 50 19 59
663 1 15 4 50 19 59
664 1 15 4 50 19 59
665 1 1 1 1 1 5 13 4 19 2 19 21 60
666 1 1 15 4 50 19 56 1 1
667 1 15 4 50 19 59
668 12 2 4 50 19 56 5
669 1 1 1 1 5 13 4 19 2 19 21 60 1
670 1 1 1 1 5 13 4 19 2 19 21 60 1
671 1 1 1 5 13 4 19 2 19 21 62
672 2 1 1 15 4 50 19 56
673 2 1 1 15 4 50 19 56
674 1 2 1 1 15 4 50 19 55
675 1 5 13 4 19 2 19 21 64
676 1 5 13 4 19 2 19 21 64
677 4 1 1 15 4 50 19 54
678 5 1 1 15 4 50 19 53
679 5 1 1 15 4 50 19 53
680 5 1 1 15 4 50 19 53
681 5 1 1 15 4 50 19 53
682 1 5 1 1 15 4 50 19 50 1 1
683 2 13 4 19 2 19 21 65 1 1 1
684 1 1 1 5 1 1 15 4 50 19 50
685 1 1 1 5 1 1 15 4 50 19 50
686 1 13 4 19 2 19 21 69
687 11 15 4 50 19 49
688 11 15 4 65 4 49
689 13 4 19 2 19 21 70
690 13 4 19 2 19 21 70
691 13 4 19 2 19 21 70
692 13 4 19 2 19 21 70
693 1 11 4 19 2 19 21 70 1
694 11 4 19 2 19 21 72
695 11 4 19 2 19 21 72
696 8 2 4 19 2 19 21 72 1
697 1 2 1 11 15 4 50 19 45
698 1 2 1 11 15 4 50 19 45
699 1 2 1 11 15 4 50 19 45
700 1 2 1 11 15 4 50 19 45
701 1 1 2 1 11 15 4 50 19 43 1
702 1 5 2 4 19 2 19 21 75
703 1 5 2 4 19 2 19 21 75
704 1 5 2 4 19 2 19 21 75
705 17 15 4 50 19 43
706 17 15 4 50 19 43
707 5 2 4 19 2 19 21 76
708 1 17 15 4 50 19 42
709 1 1 17 15 4 50 19 38 1 1 1
710 1 1 1 2 4 19 2 19 21 78
711 20 15 4 50 19 38 1 1
712 1 1 2 4 19 2 19 21 79
713 90 19 38 1
714 1 2 4 19 2 19 21 79 1
715 1 90 19 38
716 1 90 19 38
717 2 4 19 2 19 21 79 1 1
718 1 1 90 19 37
719 1 1 90 19 37
720 1 1 90 19 37
721 3 90 19 35 1
722 3 90 19 35 1
723 4 19 2 19 21 82 1
724 2 1 19 2 19 21 84
725 1 3 90 19 35
726 2 3 90 19 34
727 1 1 19 2 19 21 85
728 6 90 19 32 1
729 97 19 32
730 97 19 32
731 19 2 19 21 86 1
732 1 97 19 31
733 1 97 19 31
734 2 97 19 30
735 2 97 19 30
736 2 97 19 30
737 2 97 19 30
738 8 2 7 2 19 21 89
739 8 2 7 2 19 21 89
740 8 2 7 2 19 21 89
741 3 97 19 29
742 3 97 19 29
743 2 3 97 19 27
744 2 3 90 19 34
745 2 3 97 19 27
746 1 2 3 97 19 26
747 1 2 3 97 19 26
748 1 2 3 97 19 26
749 1 2 1 2 7 2 19 21 92 1
750 1 2 1 2 7 2 19 21 92 1
751 1 1 2 7 2 19 21 95
752 1 2 7 2 19 21 96
753 1 4 1 2 3 97 19 21
754 1 7 2 19 21 98
755 1 7 2 19 21 98
756 12 97 19 20
757 12 97 19 20
758 13 97 19 19
759 13 97 19 19
760 1 13 97 19 18
761 2 13 90 7 19 17
762 3 13 97 19 14 1 1
763 1 3 13 97 19 14 1
764 1 3 13 97 19 14 1
765 1 3 13 97 19 14 1
766 1 3 13 97 19 14 1
767 1 1 2 19 21 104
768 2 19 21 106
769 1 1 2 3 13 97 19 12
770 1 19 21 107
771 8 13 97 19 11
772 8 13 97 19 11
773 1 8 13 97 19 10
774 1 8 13 97 19 10
775 10 13 97 19 9
776 10 13 97 19 9
777 1 10 13 97 19 8
778 1 10 13 97 19 8
779 1 10 13 97 19 8
780 1 10 13 97 19 8
781 1 12 13 97 19 6
782 1 1 12 13 97 19 5
783 4 9 21 114
784 3 12 13 97 19 4
785 126 19 1 1 1
786 126 19 1 1 1
787 1 1 9 21 115 1
788 1 1 9 21 115 1
789 1 126 19 1 1
790 1 9 21 117
791 2 29 97 19 1
792 6 1 141
793 2 126 19 1
794 9 21 118
795 5 21 122
796 3 4 126 15
797 1 3 21 123
798 1 3 21 123
799 8 126 13 1
800 1 3 4 126 13 1
801 1 1 3 4 126 13
802 1 8 126 13
803 1 4 126 15 1 1
804 1 8 126 13
805 1 1 21 125
806 1 21 126
807 1 2 8 126 11
808 12 126 10
809 12 126 10
810 12 126 10
811 20 128
812 20 128
813 2 8 126 11 1
814 2 1 13 2 130
815 1 1 1 139 5 1
816 1 1 1 139 5 1
817 1 1 1 1 1 139 4
818 1 1 4 1 4 2 134 1
819 1 1 4 1 4 2 134 1
820 1 2 1 1 1 1 139 1 1
821 1 2 1 1 1 1 139 1 1
822 1 2 1 1 1 1 139 1 1
823 4 1 4 2 137
824 9 139
825 3 1 6 138
826 3 1 4 2 138
827 1 4 2 141
828 1 4 2 141
829 1 12 135
830 1 1 12 134
831 1 1 12 134
832 15 132 1
833 3 12 132 1
834 1 1 2 144
835 4 12 132
836 1 2 144 1
837 1 2 144 1
838 2 146
839 2 146
840 2 146
841 2 16 130
842 147 1
843 147 1
844 1 1 2 4 12 128
845 1 1 2 4 12 128
846 2 1 2 4 12 127
847 45 103
848 45 103
849 45 103
850 1 2 1 2 4 12 126
851 2 42 103 1
852 42 106
853 9 2 16 121
854 1 9 2 16 120
855 17 3 18 110
856 2 9 2 16 119
857 1 2 2 9 1 1 3 18 111
858 14 4 12 117 1
859 2 2 9 1 1 3 18 112
860 2 2 9 1 1 3 18 112
861 2 2 9 1 1 3 18 112
862 15 4 12 117
863 1 2 9 1 1 3 18 112 1
864 1 1 15 4 12 115
865 1 9 1 1 3 18 115
866 9 1 1 3 18 116
867 9 1 1 3 18 116
868 9 1 1 3 18 116
869 4 15 16 113
870 4 15 16 113
871 4 4 1 1 3 18 116 1
872 1 1 4 15 16 111
873 1 1 4 15 16 111
874 2 4 1 1 3 18 116 1 1 1
875 5 4 15 4 12 108
876 3 1 1 3 18 116 5 1
877 2 1 1 3 18 116 7
878 1 7 4 15 16 104 1
879 1 1 3 18 116 9
880 1 1 7 4 15 16 104
881 1 3 18 116 10
882 1 3 18 116 10
883 3 18 116 11
884 15 15 4 12 102
885 1 146 1
886 1 1 146
887 4 13 116 15
888 4 13 116 15
889 4 13 116 15
890 1 1 1 13 116 16
891 1 1 3 143
892 1 1 3 143
893 1 13 116 16 1 1
894 1 13 116 16 1 1
895 1 13 116 16 1 1
896 1 1 1 3 75 67
897 5 3 4 116 20
898 5 3 4 116 20
899 5 3 4 116 20
900 4 1 3 140
901 1 2 1 3 4 116 21
902 5 1 3 138 1
903 1 1 4 4 43 95
904 2 1 3 4 116 21 1
905 1 5 1 3 138
906 1 1 3 4 116 21 1 1
907 1 1 5 1 3 136 1
908 1 1 1 5 1 3 136
909 1 1 1 5 1 3 136
910 4 5 1 3 135
911 4 5 1 3 135
912 5 5 1 3 134
913 1 4 116 27
914 6 5 1 3 132 1
915 18 130
916 1 116 31
917 19 129
918 116 32
919 116 32
920 116 32
921 116 32
922 148
923 148
924 148
925 2 146
926 2 146
927 2 146
928 1 14 98 35
929 3 145
930 148
931 1 7 5 98 37
932 1 147
933 1 5 5 98 39
934 1 5 5 98 39
935 4 3 141
936 3 145
937 4 144
938 5 143
939 5 143
940 5 143
941 1 1 1 5 98 42
942 148
943 148
944 148
945 5 98 45
946 1 147
947 1 147
948 1 1 146
949 1 1 146
950 1 1 146
951 3 145
952 1 98 49
953 6 142
954 6 142
955 13 80 4 51
956 1 6 141
957 3 2 7 80 4 52
958 3 2 7 80 4 52
959 2 6 140
960 2 6 140
961 2 6 140
962 9 138 1
963 1 2 7 80 4 54
964 10 138
965 10 138
966 2 7 80 4 54 1
967 2 10 136
968 1 1 2 10 134
969 1 1 2 10 134
970 5 11 131 1
971 1 3 80 4 60
972 1 3 80 4 60
973 1 5 10 132
974 3 80 4 61
975 1 1 80 4 61 1
976 1 80 4 63
977 1 80 4 63
978 2 1 1 5 10 128 1
979 2 1 1 5 10 128 1
980 80 4 63 1
981 80 4 63 1
982 1 2 1 1 5 10 128
983 1 1 2 1 1 5 10 127
984 1 1 2 1 1 5 10 127
985 1 1 1 2 1 1 5 10 125 1
986 1 1 1 2 1 1 5 10 125 1
987 4 6 40 2 25 4 67
988 3 6 40 2 25 4 67 1
989 3 6 40 2 25 4 67 1
990 1 6 40 2 25 4 70
991 6 40 2 25 4 71
992 6 40 2 25 4 71
993 1 17 10 120
994 1 3 40 2 25 4 72 1
995 1 3 40 2 25 4 72 1
996 1 3 40 2 25 4 21 42 9 1
997 1 1 17 10 119
998 3 40 2 25 4 74
999 1 1 40 2 25 4 74 1
1000 1 3 17 10 117
1001 1 40 2 25 4 76
1002 1 40 2 25 4 76
1003 1 40 2 25 4 76
1004 1 40 2 25 4 76
1005 5 17 10 116
1006 5 17 10 116
1007 7 17 10 114
1008 1 1 3 3 17 13 2 25 4 79
1009 1 1 3 3 17 13 2 25 4 79
1010 1 1 3 3 17 13 2 25 4 79
1011 26 10 112
1012 3 3 17 13 2 25 4 81
1013 27 10 111
1014 1 27 10 108 1 1
1015 1 27 10 108 1 1
1016 1 3 17 13 2 25 4 83
1017 1 3 17 13 2 25 4 83
1018 3 17 13 2 25 4 83 1
1019 1 2 27 10 108
1020 1 1 17 13 2 25 4 83 1 1
1021 1 1 17 13 2 25 4 83 1 1
1022 1 1 2 27 10 107
1023 17 13 2 25 4 87
1024 5 2 27 10 104
1025 11 4 13 2 25 4 88 1
1026 1 5 2 27 10 103
1027 1 5 2 27 10 103
1028 1 5 2 27 10 103
1029 2 5 2 27 10 102
1030 1 2 2 4 4 13 2 25 4 91
1031 2 2 4 4 13 2 25 4 92
1032 2 2 4 4 13 2 25 4 92
1033 10 2 27 10 98 1
1034 10 2 27 10 98 1
1035 1 10 2 27 10 98
1036 1 1 10 2 27 10 96 1
1037 4 4 13 2 25 4 96
1038 4 4 13 2 25 4 96
1039 4 4 13 2 25 4 96
1040 3 10 2 27 10 96
1041 3 4 13 2 25 4 96 1
1042 1 1 4 13 2 25 4 98
1043 3 145
1044 5 10 2 27 10 92 1 1
1045 5 10 2 27 10 92 1 1
1046 1 4 13 2 25 4 99
1047 1 5 10 2 27 10 92 1
1048 4 13 2 25 4 100
1049 1 1 15 2 27 10 92
1050 1 2 13 2 25 3 102
1051 1 2 13 2 25 4 101
1052 1 1 1 5 10 2 27 10 91
1053 2 13 2 25 4 102
1054 21 27 10 90
1055 1 13 2 25 4 102 1
1056 13 2 25 4 102 1 1
1057 2 1 9 2 25 4 102 1 1 1
1058 1 1 1 21 27 10 87
1059 1 1 9 2 25 4 106
1060 4 21 27 10 85 1
1061 4 21 27 10 85 1
1062 5 21 27 10 85
1063 5 21 27 10 85
1064 2 4 1 1 1 2 25 4 108
1065 1 2 13 2 25 4 101
1066 1 1 2 4 1 1 1 2 25 4 106
1067 21 27 10 90
1068 21 27 10 90
1069 1 1 21 27 10 88
1070 1 1 5 21 27 10 82 1
1071 1 21 27 10 88 1
1072 4 1 1 1 2 25 4 110
1073 3 1 2 24 47 71
1074 4 1 1 1 2 25 4 110
1075 1 1 5 10 2 27 10 91 1
1076 1 1 1 1 1 2 25 4 111 1
1077 1 1 1 1 1 2 25 4 111 1
1078 6 5 21 27 10 79
1079 33 27 10 78
1080 1 1 2 25 4 115
1081 1 1 2 25 4 115
1082 1 33 27 10 77
1083 1 1 33 27 10 76
1084 1 1 33 27 10 76
1085 1 1 33 27 10 76
1086 1 1 33 27 10 76
1087 25 4 118 1
1088 1 2 1 1 33 27 10 73
1089 1 4 3 8 4 4 122 1 1
1090 1 4 3 8 4 4 122 1 1
1091 1 1 4 3 8 4 4 122 1
1092 4 1 1 33 27 10 72
1093 5 1 1 33 27 10 70 1
1094 4 3 8 4 4 122 1 1 1
1095 4 5 1 1 11 49 10 67
1096 5 5 1 1 33 27 10 66
1097 1 1 3 8 4 4 127
1098 1 1 3 8 4 4 127
1099 13 33 27 10 63 1 1
1100 1 3 8 4 4 128
1101 1 13 33 27 10 63 1
1102 1 13 33 27 10 63 1
1103 3 8 4 4 128 1
1104 3 8 4 4 128 1
1105 3 8 4 4 128 1
1106 1 1 8 4 4 130
1107 1 8 4 4 131
1108 4 13 33 27 10 61
1109 8 4 4 132
1110 8 4 4 132
1111 8 4 4 132
1112 1 51 27 10 59
